0 1 0 -0 1
0.01 0.99995 0.009999833 -0.009999833 0.99995
0.02 0.9998 0.01999867 -0.01999867 0.9998
0.03 0.99955 0.0299955 -0.0299955 0.99955
0.04 0.9992001 0.03998933 -0.03998933 0.9992001
0.05 0.9987503 0.04997917 -0.04997917 0.9987503
0.05999999 0.9982005 0.059964 -0.059964 0.9982005
0.06999999 0.997551 0.06994284 -0.06994284 0.997551
0.07999999 0.9968017 0.07991468 -0.07991468 0.9968017
0.08999999 0.9959527 0.08987854 -0.08987854 0.9959527
0.09999999 0.9950042 0.09983341 -0.09983341 0.9950042
0.11 0.9939561 0.1097783 -0.1097783 0.9939561
0.12 0.9928086 0.1197122 -0.1197122 0.9928086
0.13 0.9915619 0.1296341 -0.1296341 0.9915619
0.14 0.990216 0.1395431 -0.1395431 0.990216
0.15 0.9887711 0.1494381 -0.1494381 0.9887711
0.16 0.9872273 0.1593182 -0.1593182 0.9872273
0.17 0.9855848 0.1691823 -0.1691823 0.9855848
0.18 0.9838437 0.1790296 -0.1790296 0.9838437
0.19 0.9820042 0.1888589 -0.1888589 0.9820042
0.2 0.9800666 0.1986693 -0.1986693 0.9800666
0.21 0.9780309 0.2084599 -0.2084599 0.9780309
0.22 0.9758974 0.2182297 -0.2182297 0.9758974
0.23 0.9736664 0.2279776 -0.2279776 0.9736664
0.24 0.971338 0.2377027 -0.2377027 0.971338
0.25 0.9689124 0.247404 -0.247404 0.9689124
0.26 0.96639 0.2570806 -0.2570806 0.96639
0.27 0.9637709 0.2667314 -0.2667314 0.9637709
0.28 0.9610555 0.2763557 -0.2763557 0.9610555
0.29 0.9582439 0.2859522 -0.2859522 0.9582439
0.3 0.9553365 0.2955202 -0.2955202 0.9553365
0.31 0.9523336 0.3050586 -0.3050586 0.9523336
0.32 0.9492354 0.3145665 -0.3145665 0.9492354
0.33 0.9460424 0.324043 -0.324043 0.9460424
0.3399999 0.9427547 0.333487 -0.333487 0.9427547
0.3499999 0.9393727 0.3428977 -0.3428977 0.9393727
0.3599999 0.9358969 0.3522741 -0.3522741 0.9358969
0.3699999 0.9323274 0.3616154 -0.3616154 0.9323274
0.3799999 0.9286647 0.3709204 -0.3709204 0.9286647
0.3899999 0.9249091 0.3801883 -0.3801883 0.9249091
0.3999999 0.921061 0.3894182 -0.3894182 0.921061
0.4099999 0.9171209 0.3986092 -0.3986092 0.9171209
0.4199999 0.913089 0.4077603 -0.4077603 0.913089
0.4299999 0.9089658 0.4168707 -0.4168707 0.9089658
0.4399998 0.9047517 0.4259393 -0.4259393 0.9047517
0.4499998 0.9004472 0.4349654 -0.4349654 0.9004472
0.4599998 0.8960526 0.4439479 -0.4439479 0.8960526
0.4699998 0.8915684 0.4528861 -0.4528861 0.8915684
0.4799998 0.886995 0.461779 -0.461779 0.886995
0.4899998 0.882333 0.4706257 -0.4706257 0.882333
0.4999998 0.8775827 0.4794253 -0.4794253 0.8775827
0.5099998 0.8727446 0.4881771 -0.4881771 0.8727446
0.5199998 0.8678192 0.49688 -0.49688 0.8678192
0.5299998 0.8628072 0.5055332 -0.5055332 0.8628072
0.5399998 0.8577088 0.5141358 -0.5141358 0.8577088
0.5499998 0.8525246 0.522687 -0.522687 0.8525246
0.5599998 0.8472552 0.531186 -0.531186 0.8472552
0.5699998 0.8419011 0.5396318 -0.5396318 0.8419011
0.5799997 0.8364628 0.5480237 -0.5480237 0.8364628
0.5899997 0.8309408 0.5563608 -0.5563608 0.8309408
0.5999997 0.8253357 0.5646423 -0.5646423 0.8253357
0.6099997 0.8196482 0.5728672 -0.5728672 0.8196482
0.6199997 0.8138787 0.5810349 -0.5810349 0.8138787
0.6299997 0.8080277 0.5891445 -0.5891445 0.8080277
0.6399997 0.8020959 0.5971952 -0.5971952 0.8020959
0.6499997 0.796084 0.6051862 -0.6051862 0.796084
0.6599997 0.7899925 0.6131166 -0.6131166 0.7899925
0.6699997 0.7838219 0.6209857 -0.6209857 0.7838219
0.6799996 0.7775729 0.6287928 -0.6287928 0.7775729
0.6899996 0.7712463 0.6365369 -0.6365369 0.7712463
0.6999996 0.7648425 0.6442174 -0.6442174 0.7648425
0.7099996 0.7583621 0.6518335 -0.6518335 0.7583621
0.7199996 0.751806 0.6593844 -0.6593844 0.751806
0.7299996 0.7451746 0.6668693 -0.6668693 0.7451746
0.7399996 0.7384688 0.6742876 -0.6742876 0.7384688
0.7499996 0.7316892 0.6816385 -0.6816385 0.7316892
0.7599996 0.7248363 0.6889212 -0.6889212 0.7248363
0.7699996 0.7179109 0.6961349 -0.6961349 0.7179109
0.7799996 0.7109138 0.7032791 -0.7032791 0.7109138
0.7899995 0.7038456 0.710353 -0.710353 0.7038456
0.7999995 0.6967071 0.7173558 -0.7173558 0.6967071
0.8099995 0.6894988 0.7242869 -0.7242869 0.6894988
0.8199995 0.6822216 0.7311455 -0.7311455 0.6822216
0.8299995 0.6748762 0.737931 -0.737931 0.6748762
0.8399995 0.6674632 0.7446428 -0.7446428 0.6674632
0.8499995 0.6599835 0.7512801 -0.7512801 0.6599835
0.8599995 0.6524379 0.7578422 -0.7578422 0.6524379
0.8699995 0.6448269 0.7643286 -0.7643286 0.6448269
0.8799995 0.6371515 0.7707385 -0.7707385 0.6371515
0.8899994 0.6294125 0.7770714 -0.7770714 0.6294125
0.8999994 0.6216104 0.7833266 -0.7833266 0.6216104
0.9099994 0.6137462 0.7895034 -0.7895034 0.6137462
0.9199994 0.6058206 0.7956012 -0.7956012 0.6058206
0.9299994 0.5978345 0.8016196 -0.8016196 0.5978345
0.9399994 0.5897885 0.8075578 -0.8075578 0.5897885
0.9499994 0.5816836 0.8134152 -0.8134152 0.5816836
0.9599994 0.5735205 0.8191912 -0.8191912 0.5735205
0.9699994 0.5653 0.8248854 -0.8248854 0.5653
0.9799994 0.557023 0.830497 -0.830497 0.557023
0.9899994 0.5486904 0.8360256 -0.8360256 0.5486904
0.9999993 0.5403029 0.8414707 -0.8414707 0.5403029
1.009999 0.5318612 0.8468315 -0.8468315 0.5318612
1.019999 0.5233665 0.8521077 -0.8521077 0.5233665
1.029999 0.5148194 0.8572987 -0.8572987 0.5148194
1.039999 0.5062208 0.8624039 -0.8624039 0.5062208
1.049999 0.4975716 0.8674229 -0.8674229 0.4975716
1.059999 0.4888726 0.8723552 -0.8723552 0.4888726
1.069999 0.4801248 0.8772002 -0.8772002 0.4801248
1.079999 0.4713289 0.8819575 -0.8819575 0.4713289
1.089999 0.462486 0.8866266 -0.8866266 0.462486
1.099999 0.4535967 0.891207 -0.891207 0.4535967
1.109999 0.4446622 0.8956984 -0.8956984 0.4446622
1.119999 0.4356831 0.9001001 -0.9001001 0.4356831
1.129999 0.4266604 0.9044119 -0.9044119 0.4266604
1.139999 0.4175952 0.9086332 -0.9086332 0.4175952
1.149999 0.4084881 0.9127637 -0.9127637 0.4084881
1.159999 0.3993402 0.9168028 -0.9168028 0.3993402
1.169999 0.3901524 0.9207503 -0.9207503 0.3901524
1.179999 0.3809255 0.9246057 -0.9246057 0.3809255
1.189999 0.3716606 0.9283687 -0.9283687 0.3716606
1.199999 0.3623585 0.9320388 -0.9320388 0.3623585
1.209999 0.3530202 0.9356157 -0.9356157 0.3530202
1.219999 0.3436465 0.9390991 -0.9390991 0.3436465
1.229999 0.3342385 0.9424886 -0.9424886 0.3342385
1.239999 0.3247971 0.9457837 -0.9457837 0.3247971
1.249999 0.3153231 0.9489844 -0.9489844 0.3153231
1.259999 0.3058177 0.9520901 -0.9520901 0.3058177
1.269999 0.2962817 0.9551006 -0.9551006 0.2962817
1.279999 0.286716 0.9580156 -0.9580156 0.286716
1.289999 0.2771217 0.9608348 -0.9608348 0.2771217
1.299999 0.2674997 0.963558 -0.963558 0.2674997
1.309999 0.2578509 0.9661847 -0.9661847 0.2578509
1.319999 0.2481763 0.9687149 -0.9687149 0.2481763
1.329999 0.2384769 0.9711481 -0.9711481 0.2384769
1.339999 0.2287537 0.9734843 -0.9734843 0.2287537
1.349999 0.2190076 0.9757231 -0.9757231 0.2190076
1.359999 0.2092396 0.9778644 -0.9778644 0.2092396
1.369999 0.1994507 0.9799079 -0.9799079 0.1994507
1.379999 0.1896418 0.9818534 -0.9818534 0.1896418
1.389999 0.1798139 0.9837006 -0.9837006 0.1798139
1.399999 0.1699681 0.9854496 -0.9854496 0.1699681
1.409999 0.1601053 0.9870999 -0.9870999 0.1601053
1.419999 0.1502265 0.9886516 -0.9886516 0.1502265
1.429999 0.1403326 0.9901044 -0.9901044 0.1403326
1.439999 0.1304247 0.9914582 -0.9914582 0.1304247
1.449999 0.1205038 0.9927129 -0.9927129 0.1205038
1.459999 0.1105708 0.9938682 -0.9938682 0.1105708
1.469999 0.1006268 0.9949242 -0.9949242 0.1006268
1.479999 0.09067267 0.9958807 -0.9958807 0.09067267
1.489999 0.08070951 0.9967377 -0.9967377 0.08070951
1.499999 0.07073827 0.9974949 -0.9974949 0.07073827
1.509999 0.06075996 0.9981524 -0.9981524 0.06075996
1.519999 0.05077558 0.9987101 -0.9987101 0.05077558
1.529999 0.04078611 0.9991679 -0.9991679 0.04078611
1.539999 0.03079257 0.9995258 -0.9995258 0.03079257
1.549999 0.02079595 0.9997838 -0.9997838 0.02079595
1.559999 0.01079725 0.9999417 -0.9999417 0.01079725
1.569999 0.0007974664 0.9999997 -0.9999997 0.0007974664
1.579999 -0.009202394 0.9999577 -0.9999577 -0.009202394
1.589999 -0.01920133 0.9998156 -0.9998156 -0.01920133
1.599999 -0.02919835 0.9995736 -0.9995736 -0.02919835
1.609999 -0.03919246 0.9992317 -0.9992317 -0.03919246
1.619999 -0.04918263 0.9987898 -0.9987898 -0.04918263
1.629999 -0.0591679 0.998248 -0.998248 -0.0591679
1.639999 -0.06914724 0.9976065 -0.9976065 -0.06914724
1.649999 -0.07911967 0.9968652 -0.9968652 -0.07911967
1.659999 -0.08908419 0.9960241 -0.9960241 -0.08908419
1.669999 -0.09903981 0.9950835 -0.9950835 -0.09903981
1.679999 -0.1089855 0.9940434 -0.9940434 -0.1089855
1.689999 -0.1189203 0.9929038 -0.9929038 -0.1189203
1.699999 -0.1288432 0.9916649 -0.9916649 -0.1288432
1.709999 -0.1387533 0.990327 -0.990327 -0.1387533
1.719999 -0.1486494 0.9888899 -0.9888899 -0.1486494
1.729999 -0.1585307 0.987354 -0.987354 -0.1585307
1.739999 -0.1683962 0.9857194 -0.9857194 -0.1683962
1.749999 -0.1782448 0.9839862 -0.9839862 -0.1782448
1.759999 -0.1880755 0.9821545 -0.9821545 -0.1880755
1.769999 -0.1978875 0.9802247 -0.9802247 -0.1978875
1.779999 -0.2076797 0.9781969 -0.9781969 -0.2076797
1.789999 -0.2174511 0.9760712 -0.9760712 -0.2174511
1.799999 -0.2272008 0.9738479 -0.9738479 -0.2272008
1.809999 -0.2369277 0.9715273 -0.9715273 -0.2369277
1.819999 -0.246631 0.9691095 -0.9691095 -0.246631
1.829999 -0.2563096 0.9665948 -0.9665948 -0.2563096
1.839999 -0.2659625 0.9639834 -0.9639834 -0.2659625
1.849999 -0.2755889 0.9612756 -0.9612756 -0.2755889
1.859999 -0.2851877 0.9584717 -0.9584717 -0.2851877
1.869999 -0.294758 0.9555719 -0.9555719 -0.294758
1.879999 -0.3042988 0.9525766 -0.9525766 -0.3042988
1.889999 -0.3138092 0.9494861 -0.9494861 -0.3138092
1.899999 -0.3232882 0.9463006 -0.9463006 -0.3232882
1.909999 -0.3327349 0.9430204 -0.9430204 -0.3327349
1.919999 -0.3421483 0.939646 -0.939646 -0.3421483
1.929999 -0.3515275 0.9361776 -0.9361776 -0.3515275
1.939999 -0.3608715 0.9326156 -0.9326156 -0.3608715
1.949998 -0.3701794 0.9289603 -0.9289603 -0.3701794
1.959998 -0.3794504 0.9252121 -0.9252121 -0.3794504
1.969998 -0.3886833 0.9213714 -0.9213714 -0.3886833
1.979998 -0.3978775 0.9174386 -0.9174386 -0.3978775
1.989998 -0.4070318 0.913414 -0.913414 -0.4070318
1.999998 -0.4161454 0.9092981 -0.9092981 -0.4161454
2.009999 -0.4252175 0.9050912 -0.9050912 -0.4252175
2.019999 -0.434247 0.9007939 -0.9007939 -0.434247
2.029999 -0.4432331 0.8964064 -0.8964064 -0.4432331
2.039999 -0.4521748 0.8919293 -0.8919293 -0.4521748
2.049999 -0.4610714 0.8873631 -0.8873631 -0.4610714
2.059999 -0.4699218 0.8827081 -0.8827081 -0.4699218
2.069999 -0.4787252 0.8779648 -0.8779648 -0.4787252
2.079998 -0.4874808 0.8731337 -0.8731337 -0.4874808
2.089998 -0.4961876 0.8682153 -0.8682153 -0.4961876
2.099998 -0.5048448 0.8632101 -0.8632101 -0.5048448
2.109998 -0.5134515 0.8581186 -0.8581186 -0.5134515
2.119998 -0.5220069 0.8529413 -0.8529413 -0.5220069
2.129998 -0.53051 0.8476787 -0.8476787 -0.53051
2.139998 -0.5389602 0.8423313 -0.8423313 -0.5389602
2.149998 -0.5473564 0.8368996 -0.8368996 -0.5473564
2.159998 -0.5556978 0.8313844 -0.8313844 -0.5556978
2.169998 -0.5639837 0.8257859 -0.8257859 -0.5639837
2.179998 -0.5722132 0.8201048 -0.8201048 -0.5722132
2.189998 -0.5803856 0.8143418 -0.8143418 -0.5803856
2.199998 -0.5884998 0.8084974 -0.8084974 -0.5884998
2.209998 -0.5965552 0.802572 -0.802572 -0.5965552
2.219998 -0.604551 0.7965665 -0.7965665 -0.604551
2.229998 -0.6124862 0.7904812 -0.7904812 -0.6124862
2.239998 -0.6203603 0.784317 -0.784317 -0.6203603
2.249998 -0.6281723 0.7780743 -0.7780743 -0.6281723
2.259998 -0.6359215 0.7717537 -0.7717537 -0.6359215
2.269998 -0.6436071 0.7653561 -0.7653561 -0.6436071
2.279998 -0.6512284 0.7588818 -0.7588818 -0.6512284
2.289998 -0.6587845 0.7523317 -0.7523317 -0.6587845
2.299998 -0.6662747 0.7457064 -0.7457064 -0.6662747
2.309998 -0.6736984 0.7390065 -0.7390065 -0.6736984
2.319998 -0.6810546 0.7322326 -0.7322326 -0.6810546
2.329998 -0.6883428 0.7253856 -0.7253856 -0.6883428
2.339998 -0.6955621 0.718466 -0.718466 -0.6955621
2.349998 -0.7027118 0.7114746 -0.7114746 -0.7027118
2.359998 -0.7097913 0.704412 -0.704412 -0.7097913
2.369998 -0.7167998 0.697279 -0.697279 -0.7167998
2.379998 -0.7237366 0.6900763 -0.6900763 -0.7237366
2.389998 -0.7306011 0.6828045 -0.6828045 -0.7306011
2.399998 -0.7373925 0.6754645 -0.6754645 -0.7373925
2.409998 -0.7441102 0.668057 -0.668057 -0.7441102
2.419998 -0.7507534 0.6605826 -0.6605826 -0.7507534
2.429998 -0.7573216 0.6530421 -0.6530421 -0.7573216
2.439998 -0.763814 0.6454364 -0.6454364 -0.763814
2.449998 -0.7702301 0.6377661 -0.6377661 -0.7702301
2.459998 -0.7765691 0.6300321 -0.6300321 -0.7765691
2.469998 -0.7828305 0.622235 -0.622235 -0.7828305
2.479998 -0.7890136 0.6143758 -0.6143758 -0.7890136
2.489998 -0.7951178 0.606455 -0.606455 -0.7951178
2.499998 -0.8011425 0.5984737 -0.5984737 -0.8011425
2.509998 -0.8070871 0.5904325 -0.5904325 -0.8070871
2.519998 -0.8129509 0.5823322 -0.5823322 -0.8129509
2.529998 -0.8187335 0.5741737 -0.5741737 -0.8187335
2.539998 -0.8244342 0.5659578 -0.5659578 -0.8244342
2.549998 -0.8300524 0.5576853 -0.5576853 -0.8300524
2.559998 -0.8355877 0.5493571 -0.5493571 -0.8355877
2.569998 -0.8410394 0.5409739 -0.5409739 -0.8410394
2.579998 -0.846407 0.5325366 -0.5325366 -0.846407
2.589998 -0.8516899 0.5240461 -0.5240461 -0.8516899
2.599998 -0.8568877 0.5155031 -0.5155031 -0.8568877
2.609998 -0.8619998 0.5069086 -0.5069086 -0.8619998
2.619998 -0.8670257 0.4982634 -0.4982634 -0.8670257
2.629998 -0.8719649 0.4895684 -0.4895684 -0.8719649
2.639998 -0.8768169 0.4808244 -0.4808244 -0.8768169
2.649998 -0.8815812 0.4720323 -0.4720323 -0.8815812
2.659998 -0.8862574 0.4631931 -0.4631931 -0.8862574
2.669998 -0.8908449 0.4543075 -0.4543075 -0.8908449
2.679998 -0.8953434 0.4453765 -0.4453765 -0.8953434
2.689998 -0.8997523 0.4364009 -0.4364009 -0.8997523
2.699998 -0.9040713 0.4273818 -0.4273818 -0.9040713
2.709998 -0.9082998 0.4183199 -0.4183199 -0.9082998
2.719998 -0.9124375 0.4092161 -0.4092161 -0.9124375
2.729998 -0.9164839 0.4000714 -0.4000714 -0.9164839
2.739998 -0.9204388 0.3908868 -0.3908868 -0.9204388
2.749998 -0.9243016 0.381663 -0.381663 -0.9243016
2.759998 -0.9280719 0.372401 -0.372401 -0.9280719
2.769998 -0.9317495 0.3631019 -0.3631019 -0.9317495
2.779998 -0.9353338 0.3537664 -0.3537664 -0.9353338
2.789998 -0.9388247 0.3443955 -0.3443955 -0.9388247
2.799998 -0.9422216 0.3349902 -0.3349902 -0.9422216
2.809998 -0.9455243 0.3255514 -0.3255514 -0.9455243
2.819998 -0.9487325 0.3160801 -0.3160801 -0.9487325
2.829998 -0.9518458 0.3065771 -0.3065771 -0.9518458
2.839998 -0.954864 0.2970435 -0.2970435 -0.954864
2.849998 -0.9577866 0.2874801 -0.2874801 -0.9577866
2.859998 -0.9606134 0.2778881 -0.2778881 -0.9606134
2.869998 -0.9633443 0.2682682 -0.2682682 -0.9633443
2.879998 -0.9659787 0.2586215 -0.2586215 -0.9659787
2.889998 -0.9685166 0.248949 -0.248949 -0.9685166
2.899998 -0.9709576 0.2392516 -0.2392516 -0.9709576
2.909998 -0.9733015 0.2295302 -0.2295302 -0.9733015
2.919998 -0.9755481 0.2197859 -0.2197859 -0.9755481
2.929998 -0.9776972 0.2100196 -0.2100196 -0.9776972
2.939998 -0.9797485 0.2002323 -0.2002323 -0.9797485
2.949998 -0.9817017 0.1904249 -0.1904249 -0.9817017
2.959998 -0.9835569 0.1805986 -0.1805986 -0.9835569
2.969998 -0.9853137 0.1707541 -0.1707541 -0.9853137
2.979998 -0.9869719 0.1608927 -0.1608927 -0.9869719
2.989998 -0.9885315 0.1510151 -0.1510151 -0.9885315
2.999998 -0.9899921 0.1411224 -0.1411224 -0.9899921
3.009998 -0.9913539 0.1312156 -0.1312156 -0.9913539
3.019998 -0.9926164 0.1212956 -0.1212956 -0.9926164
3.029998 -0.9937797 0.1113636 -0.1113636 -0.9937797
3.039998 -0.9948437 0.1014204 -0.1014204 -0.9948437
3.049998 -0.9958081 0.09146707 -0.09146707 -0.9958081
3.059998 -0.996673 0.08150458 -0.08150458 -0.996673
3.069998 -0.9974382 0.07153396 -0.07153396 -0.9974382
3.079998 -0.9981036 0.06155617 -0.06155617 -0.9981036
3.089998 -0.9986693 0.05157223 -0.05157223 -0.9986693
3.099998 -0.999135 0.04158314 -0.04158314 -0.999135
3.109998 -0.9995009 0.03158989 -0.03158989 -0.9995009
3.119998 -0.9997668 0.02159347 -0.02159347 -0.9997668
3.129997 -0.9999328 0.0115949 -0.0115949 -0.9999328
3.139997 -0.9999987 0.001595171 -0.001595171 -0.9999987
3.149997 -0.9999647 -0.008404721 0.008404721 -0.9999647
3.159997 -0.9998307 -0.01840377 0.01840377 -0.9998307
3.169997 -0.9995966 -0.02840098 0.02840098 -0.9995966
3.179997 -0.9992626 -0.03839535 0.03839535 -0.9992626
3.189997 -0.9988287 -0.04838588 0.04838588 -0.9988287
3.199997 -0.9982949 -0.05837157 0.05837157 -0.9982949
3.209997 -0.9976613 -0.06835143 0.06835143 -0.9976613
3.219997 -0.9969279 -0.07832444 0.07832444 -0.9969279
3.229997 -0.9960948 -0.08828963 0.08828963 -0.9960948
3.239997 -0.9951622 -0.09824599 0.09824599 -0.9951622
3.249997 -0.99413 -0.1081925 0.1081925 -0.99413
3.259997 -0.9929984 -0.1181282 0.1181282 -0.9929984
3.269997 -0.9917675 -0.1280521 0.1280521 -0.9917675
3.279997 -0.9904373 -0.1379632 0.1379632 -0.9904373
3.289997 -0.9890082 -0.1478605 0.1478605 -0.9890082
3.299997 -0.9874802 -0.1577431 0.1577431 -0.9874802
3.309997 -0.9858534 -0.1676098 0.1676098 -0.9858534
3.319997 -0.9841281 -0.1774598 0.1774598 -0.9841281
3.329997 -0.9823043 -0.187292 0.187292 -0.9823043
3.339997 -0.9803823 -0.1971055 0.1971055 -0.9803823
3.349997 -0.9783623 -0.2068993 0.2068993 -0.9783623
3.359997 -0.9762444 -0.2166724 0.2166724 -0.9762444
3.369997 -0.9740289 -0.2264239 0.2264239 -0.9740289
3.379997 -0.971716 -0.2361526 0.2361526 -0.971716
3.389997 -0.9693059 -0.2458578 0.2458578 -0.9693059
3.399997 -0.9667989 -0.2555384 0.2555384 -0.9667989
3.409997 -0.9641952 -0.2651935 0.2651935 -0.9641952
3.419997 -0.9614951 -0.274822 0.274822 -0.9614951
3.429997 -0.9586989 -0.284423 0.284423 -0.9586989
3.439997 -0.9558068 -0.2939956 0.2939956 -0.9558068
3.449997 -0.952819 -0.3035388 0.3035388 -0.952819
3.459997 -0.9497361 -0.3130517 0.3130517 -0.9497361
3.469997 -0.9465581 -0.3225332 0.3225332 -0.9465581
3.479997 -0.9432855 -0.3319825 0.3319825 -0.9432855
3.489997 -0.9399186 -0.3413986 0.3413986 -0.9399186
3.499997 -0.9364577 -0.3507805 0.3507805 -0.9364577
3.509997 -0.9329031 -0.3601274 0.3601274 -0.9329031
3.519997 -0.9292552 -0.3694383 0.3694383 -0.9292552
3.529997 -0.9255145 -0.3787122 0.3787122 -0.9255145
3.539997 -0.9216812 -0.3879482 0.3879482 -0.9216812
3.549997 -0.9177557 -0.3971455 0.3971455 -0.9177557
3.559997 -0.9137384 -0.406303 0.406303 -0.9137384
3.569997 -0.9096298 -0.4154199 0.4154199 -0.9096298
3.579997 -0.9054301 -0.4244953 0.4244953 -0.9054301
3.589997 -0.90114 -0.4335282 0.4335282 -0.90114
3.599997 -0.8967597 -0.4425178 0.4425178 -0.8967597
3.609997 -0.8922898 -0.4514631 0.4514631 -0.8922898
3.619997 -0.8877306 -0.4603633 0.4603633 -0.8877306
3.629997 -0.8830827 -0.4692174 0.4692174 -0.8830827
3.639997 -0.8783464 -0.4780246 0.4780246 -0.8783464
3.649997 -0.8735223 -0.486784 0.486784 -0.8735223
3.659997 -0.8686109 -0.4954948 0.4954948 -0.8686109
3.669997 -0.8636127 -0.5041559 0.5041559 -0.8636127
3.679997 -0.858528 -0.5127667 0.5127667 -0.858528
3.689997 -0.8533575 -0.5213262 0.5213262 -0.8533575
3.699997 -0.8481017 -0.5298336 0.5298336 -0.8481017
3.709997 -0.842761 -0.5382879 0.5382879 -0.842761
3.719997 -0.8373361 -0.5466885 0.5466885 -0.8373361
3.729997 -0.8318274 -0.5550343 0.5550343 -0.8318274
3.739997 -0.8262356 -0.5633247 0.5633247 -0.8262356
3.749997 -0.8205611 -0.5715588 0.5715588 -0.8205611
3.759997 -0.8148046 -0.5797356 0.5797356 -0.8148046
3.769997 -0.8089666 -0.5878546 0.5878546 -0.8089666
3.779997 -0.8030477 -0.5959147 0.5959147 -0.8030477
3.789997 -0.7970485 -0.6039153 0.6039153 -0.7970485
3.799997 -0.7909696 -0.6118554 0.6118554 -0.7909696
3.809997 -0.7848116 -0.6197343 0.6197343 -0.7848116
3.819997 -0.7785752 -0.6275514 0.6275514 -0.7785752
3.829997 -0.7722608 -0.6353056 0.6353056 -0.7722608
3.839997 -0.7658693 -0.6429963 0.6429963 -0.7658693
3.849997 -0.7594011 -0.6506227 0.6506227 -0.7594011
3.859997 -0.752857 -0.6581841 0.6581841 -0.752857
3.869997 -0.7462377 -0.6656796 0.6656796 -0.7462377
3.879997 -0.7395437 -0.6731086 0.6731086 -0.7395437
3.889997 -0.7327757 -0.6804702 0.6804702 -0.7327757
3.899997 -0.7259345 -0.6877638 0.6877638 -0.7259345
3.909997 -0.7190207 -0.6949886 0.6949886 -0.7190207
3.919997 -0.712035 -0.702144 0.702144 -0.712035
3.929997 -0.7049781 -0.7092291 0.7092291 -0.7049781
3.939997 -0.6978506 -0.7162433 0.7162433 -0.6978506
3.949997 -0.6906535 -0.7231858 0.7231858 -0.6906535
3.959997 -0.6833872 -0.7300561 0.7300561 -0.6833872
3.969997 -0.6760526 -0.7368534 0.7368534 -0.6760526
3.979997 -0.6686504 -0.7435769 0.7435769 -0.6686504
3.989997 -0.6611813 -0.7502261 0.7502261 -0.6611813
3.999997 -0.6536462 -0.7568003 0.7568003 -0.6536462
4.009997 -0.6460454 -0.763299 0.763299 -0.6460454
4.019997 -0.6383801 -0.7697213 0.7697213 -0.6383801
4.029997 -0.6306509 -0.7760667 0.7760667 -0.6306509
4.039998 -0.6228586 -0.7823344 0.7823344 -0.6228586
4.049998 -0.6150041 -0.7885239 0.7885239 -0.6150041
4.059998 -0.6070881 -0.7946346 0.7946346 -0.6070881
4.069998 -0.5991113 -0.8006657 0.8006657 -0.5991113
4.079998 -0.5910746 -0.8066168 0.8066168 -0.5910746
4.089999 -0.5829789 -0.8124873 0.8124873 -0.5829789
4.099999 -0.5748248 -0.8182765 0.8182765 -0.5748248
4.109999 -0.5666133 -0.8239838 0.8239838 -0.5666133
4.119999 -0.558345 -0.8296089 0.8296089 -0.558345
4.13 -0.550021 -0.8351508 0.8351508 -0.550021
4.14 -0.5416419 -0.8406093 0.8406093 -0.5416419
4.15 -0.5332087 -0.8459837 0.8459837 -0.5332087
4.16 -0.5247221 -0.8512736 0.8512736 -0.5247221
4.170001 -0.5161831 -0.8564783 0.8564783 -0.5161831
4.180001 -0.5075924 -0.8615973 0.8615973 -0.5075924
4.190001 -0.498951 -0.8666302 0.8666302 -0.498951
4.200001 -0.4902597 -0.8715764 0.8715764 -0.4902597
4.210001 -0.4815194 -0.8764354 0.8764354 -0.4815194
4.220002 -0.4727309 -0.8812068 0.8812068 -0.4727309
4.230002 -0.4638952 -0.8858901 0.8858901 -0.4638952
4.240002 -0.455013 -0.8904848 0.8904848 -0.455013
4.250002 -0.4460854 -0.8949904 0.8949904 -0.4460854
4.260003 -0.4371131 -0.8994066 0.8994066 -0.4371131
4.270003 -0.4280971 -0.9037327 0.9037327 -0.4280971
4.280003 -0.4190383 -0.9079685 0.9079685 -0.4190383
4.290003 -0.4099376 -0.9121135 0.9121135 -0.4099376
4.300004 -0.4007959 -0.9161674 0.9161674 -0.4007959
4.310004 -0.3916142 -0.9201295 0.9201295 -0.3916142
4.320004 -0.3823932 -0.9239997 0.9239997 -0.3823932
4.330004 -0.373134 -0.9277774 0.9277774 -0.373134
4.340004 -0.3638376 -0.9314624 0.9314624 -0.3638376
4.350005 -0.3545047 -0.9350542 0.9350542 -0.3545047
4.360005 -0.3451364 -0.9385526 0.9385526 -0.3451364
4.370005 -0.3357335 -0.941957 0.941957 -0.3357335
4.380005 -0.3262971 -0.9452673 0.9452673 -0.3262971
4.390006 -0.3168281 -0.948483 0.948483 -0.3168281
4.400006 -0.3073273 -0.9516039 0.9516039 -0.3073273
4.410006 -0.2977959 -0.9546296 0.9546296 -0.2977959
4.420006 -0.2882346 -0.9575598 0.9575598 -0.2882346
4.430007 -0.2786446 -0.9603943 0.9603943 -0.2786446
4.440007 -0.2690266 -0.9631327 0.9631327 -0.2690266
4.450007 -0.2593818 -0.9657749 0.9657749 -0.2593818
4.460007 -0.249711 -0.9683204 0.9683204 -0.249711
4.470007 -0.2400153 -0.9707691 0.9707691 -0.2400153
4.480008 -0.2302955 -0.9731207 0.9731207 -0.2302955
4.490008 -0.2205527 -0.9753751 0.9753751 -0.2205527
4.500008 -0.2107879 -0.9775319 0.9775319 -0.2107879
4.510008 -0.201002 -0.9795908 0.9795908 -0.201002
4.520009 -0.1911959 -0.9815519 0.9815519 -0.1911959
4.530009 -0.1813708 -0.9834148 0.9834148 -0.1813708
4.540009 -0.1715275 -0.9851793 0.9851793 -0.1715275
4.550009 -0.1616671 -0.9868454 0.9868454 -0.1616671
4.560009 -0.1517905 -0.9884127 0.9884127 -0.1517905
4.57001 -0.1418987 -0.9898812 0.9898812 -0.1418987
4.58001 -0.1319927 -0.9912507 0.9912507 -0.1319927
4.59001 -0.1220736 -0.992521 0.992521 -0.1220736
4.60001 -0.1121422 -0.9936922 0.9936922 -0.1121422
4.610011 -0.1021996 -0.9947639 0.9947639 -0.1021996
4.620011 -0.09224679 -0.9957362 0.9957362 -0.09224679
4.630011 -0.08228476 -0.9966089 0.9966089 -0.08228476
4.640011 -0.07231449 -0.9973819 0.9973819 -0.07231449
4.650012 -0.062337 -0.9980552 0.9980552 -0.062337
4.660012 -0.05235327 -0.9986286 0.9986286 -0.05235327
4.670012 -0.0423643 -0.9991022 0.9991022 -0.0423643
4.680012 -0.0323711 -0.9994759 0.9994759 -0.0323711
4.690012 -0.02237466 -0.9997497 0.9997497 -0.02237466
4.700013 -0.01237598 -0.9999234 0.9999234 -0.01237598
4.710013 -0.002376065 -0.9999972 0.9999972 -0.002376065
4.720013 0.007624087 -0.9999709 0.9999709 0.007624087
4.730013 0.01762348 -0.9998447 0.9998447 0.01762348
4.740014 0.02762111 -0.9996185 0.9996185 0.02762111
4.750014 0.03761597 -0.9992923 0.9992923 0.03761597
4.760014 0.04760708 -0.9988661 0.9988661 0.04760708
4.770014 0.05759342 -0.9983401 0.9983401 0.05759342
4.780015 0.067574 -0.9977143 0.9977143 0.067574
4.790015 0.07754783 -0.9969887 0.9969887 0.07754783
4.800015 0.0875139 -0.9961633 0.9961633 0.0875139
4.810015 0.09747121 -0.9952384 0.9952384 0.09747121
4.820015 0.1074188 -0.9942139 0.9942139 0.1074188
4.830016 0.1173556 -0.99309 0.99309 0.1173556
4.840016 0.1272807 -0.9918667 0.9918667 0.1272807
4.850016 0.1371931 -0.9905443 0.9905443 0.1371931
4.860016 0.1470917 -0.9891229 0.9891229 0.1470917
4.870017 0.1569757 -0.9876025 0.9876025 0.1569757
4.880017 0.1668439 -0.9859833 0.9859833 0.1668439
4.890017 0.1766955 -0.9842656 0.9842656 0.1766955
4.900017 0.1865293 -0.9824494 0.9824494 0.1865293
4.910017 0.1963446 -0.980535 0.980535 0.1963446
4.920018 0.2061401 -0.9785225 0.9785225 0.2061401
4.930018 0.2159151 -0.9764121 0.9764121 0.2159151
4.940018 0.2256685 -0.9742041 0.9742041 0.2256685
4.950018 0.2353993 -0.9718987 0.9718987 0.2353993
4.960019 0.2451066 -0.9694961 0.9694961 0.2451066
4.970019 0.2547894 -0.9669966 0.9669966 0.2547894
4.980019 0.2644467 -0.9644003 0.9644003 0.2644467
4.990019 0.2740775 -0.9617076 0.9617076 0.2740775
5.00002 0.2836809 -0.9589188 0.9589188 0.2836809
5.01002 0.293256 -0.9560339 0.9560339 0.293256
5.02002 0.3028017 -0.9530536 0.9530536 0.3028017
5.03002 0.3123172 -0.9499779 0.9499779 0.3123172
5.04002 0.3218014 -0.9468072 0.9468072 0.3218014
5.050021 0.3312534 -0.9435418 0.9435418 0.3312534
5.060021 0.3406724 -0.9401821 0.9401821 0.3406724
5.070021 0.3500572 -0.9367283 0.9367283 0.3500572
5.080021 0.359407 -0.9331809 0.9331809 0.359407
5.090022 0.3687209 -0.9295402 0.9295402 0.3687209
5.100022 0.377998 -0.9258064 0.9258064 0.377998
5.110022 0.3872372 -0.9219801 0.9219801 0.3872372
5.120022 0.3964377 -0.9180616 0.9180616 0.3964377
5.130023 0.4055985 -0.9140514 0.9140514 0.4055985
5.140023 0.4147188 -0.9099496 0.9099496 0.4147188
5.150023 0.4237976 -0.9057569 0.9057569 0.4237976
5.160023 0.4328341 -0.9014736 0.9014736 0.4328341
5.170023 0.4418272 -0.8971002 0.8971002 0.4418272
5.180024 0.4507762 -0.892637 0.892637 0.4507762
5.190024 0.4596801 -0.8880846 0.8880846 0.4596801
5.200024 0.468538 -0.8834434 0.8834434 0.468538
5.210024 0.477349 -0.8787138 0.8787138 0.477349
5.220025 0.4861124 -0.8738963 0.8738963 0.4861124
5.230025 0.4948271 -0.8689914 0.8689914 0.4948271
5.240025 0.5034923 -0.8639997 0.8639997 0.5034923
5.250025 0.5121072 -0.8589215 0.8589215 0.5121072
5.260026 0.5206708 -0.8537575 0.8537575 0.5206708
5.270026 0.5291824 -0.8485081 0.8485081 0.5291824
5.280026 0.5376411 -0.8431738 0.8431738 0.5376411
5.290026 0.546046 -0.8377552 0.8377552 0.546046
5.300026 0.5543963 -0.8322528 0.8322528 0.5543963
5.310027 0.5626912 -0.8266672 0.8266672 0.5626912
5.320027 0.5709298 -0.8209989 0.8209989 0.5709298
5.330027 0.5791113 -0.8152485 0.8152485 0.5791113
5.340027 0.5872349 -0.8094166 0.8094166 0.5872349
5.350028 0.5952997 -0.8035038 0.8035038 0.5952997
5.360028 0.603305 -0.7975106 0.7975106 0.603305
5.370028 0.61125 -0.7914376 0.7914376 0.61125
5.380028 0.6191339 -0.7852855 0.7852855 0.6191339
5.390028 0.6269558 -0.7790548 0.7790548 0.6269558
5.400029 0.6347151 -0.7727463 0.7727463 0.6347151
5.410029 0.6424108 -0.7663605 0.7663605 0.6424108
5.420029 0.6500424 -0.7598979 0.7598979 0.6500424
5.430029 0.6576089 -0.7533595 0.7533595 0.6576089
5.44003 0.6651096 -0.7467457 0.7467457 0.6651096
5.45003 0.6725439 -0.7400572 0.7400572 0.6725439
5.46003 0.6799109 -0.7332947 0.7332947 0.6799109
5.47003 0.6872099 -0.7264589 0.7264589 0.6872099
5.480031 0.6944401 -0.7195505 0.7195505 0.6944401
5.490031 0.701601 -0.7125701 0.7125701 0.701601
5.500031 0.7086917 -0.7055184 0.7055184 0.7086917
5.510031 0.7157114 -0.6983961 0.6983961 0.7157114
5.520031 0.7226596 -0.6912041 0.6912041 0.7226596
5.530032 0.7295356 -0.6839429 0.6839429 0.7295356
5.540032 0.7363386 -0.6766133 0.6766133 0.7363386
5.550032 0.7430679 -0.669216 0.669216 0.7430679
5.560032 0.749723 -0.6617518 0.6617518 0.749723
5.570033 0.7563031 -0.6542214 0.6542214 0.7563031
5.580033 0.7628075 -0.6466256 0.6466256 0.7628075
5.590033 0.7692357 -0.6389652 0.6389652 0.7692357
5.600033 0.7755869 -0.6312408 0.6312408 0.7755869
5.610034 0.7818605 -0.6234533 0.6234533 0.7818605
5.620034 0.788056 -0.6156035 0.6156035 0.788056
5.630034 0.7941727 -0.6076921 0.6076921 0.7941727
5.640034 0.8002099 -0.5997199 0.5997199 0.8002099
5.650034 0.8061672 -0.5916878 0.5916878 0.8061672
5.660035 0.8120438 -0.5835965 0.5835965 0.8120438
5.670035 0.8178392 -0.5754468 0.5754468 0.8178392
5.680035 0.8235528 -0.5672396 0.5672396 0.8235528
5.690035 0.8291841 -0.5589757 0.5589757 0.8291841
5.700036 0.8347324 -0.5506558 0.5506558 0.8347324
5.710036 0.8401972 -0.5422809 0.5422809 0.8401972
5.720036 0.8455781 -0.5338518 0.5338518 0.8455781
5.730036 0.8508743 -0.5253693 0.5253693 0.8508743
5.740036 0.8560855 -0.5168342 0.5168342 0.8560855
5.750037 0.8612111 -0.5082474 0.5082474 0.8612111
5.760037 0.8662505 -0.4996099 0.4996099 0.8662505
5.770037 0.8712034 -0.4909223 0.4909223 0.8712034
5.780037 0.876069 -0.4821857 0.4821857 0.876069
5.790038 0.8808471 -0.4734009 0.4734009 0.8808471
5.800038 0.8855371 -0.4645686 0.4645686 0.8855371
5.810038 0.8901386 -0.45569 0.45569 0.8901386
5.820038 0.8946509 -0.4467658 0.4467658 0.8946509
5.830039 0.8990739 -0.4377969 0.4377969 0.8990739
5.840039 0.903407 -0.4287842 0.4287842 0.903407
5.850039 0.9076496 -0.4197286 0.4197286 0.9076496
5.860039 0.9118016 -0.4106311 0.4106311 0.9118016
5.870039 0.9158623 -0.4014925 0.4014925 0.9158623
5.88004 0.9198315 -0.3923137 0.3923137 0.9198315
5.89004 0.9237086 -0.3830957 0.3830957 0.9237086
5.90004 0.9274935 -0.3738394 0.3738394 0.9274935
5.91004 0.9311855 -0.3645457 0.3645457 0.9311855
5.920041 0.9347844 -0.3552156 0.3552156 0.9347844
5.930041 0.9382898 -0.3458499 0.3458499 0.9382898
5.940041 0.9417015 -0.3364497 0.3364497 0.9417015
5.950041 0.9450189 -0.3270158 0.3270158 0.9450189
5.960042 0.9482418 -0.3175492 0.3175492 0.9482418
5.970042 0.9513699 -0.3080508 0.3080508 0.9513699
5.980042 0.9544029 -0.2985217 0.2985217 0.9544029
5.990042 0.9573404 -0.2889627 0.2889627 0.9573404
6.000042 0.9601821 -0.2793747 0.2793747 0.9601821
6.010043 0.9629279 -0.2697589 0.2697589 0.9629279
6.020043 0.9655774 -0.2601161 0.2601161 0.9655774
6.030043 0.9681302 -0.2504472 0.2504472 0.9681302
6.040043 0.9705864 -0.2407534 0.2407534 0.9705864
6.050044 0.9729453 -0.2310354 0.2310354 0.9729453
6.060044 0.9752071 -0.2212943 0.2212943 0.9752071
6.070044 0.9773713 -0.2115311 0.2115311 0.9773713
6.080044 0.9794377 -0.2017468 0.2017468 0.9794377
6.090044 0.9814062 -0.1919422 0.1919422 0.9814062
6.100045 0.9832766 -0.1821185 0.1821185 0.9832766
6.110045 0.9850486 -0.1722766 0.1722766 0.9850486
6.120045 0.9867221 -0.1624174 0.1624174 0.9867221
6.130045 0.988297 -0.152542 0.152542 0.988297
6.140046 0.989773 -0.1426514 0.1426514 0.989773
6.150046 0.99115 -0.1327464 0.1327464 0.99115
6.160046 0.9924279 -0.1228282 0.1228282 0.9924279
6.170046 0.9936066 -0.1128978 0.1128978 0.9936066
6.180047 0.9946859 -0.102956 0.102956 0.9946859
6.190047 0.9956657 -0.09300392 0.09300392 0.9956657
6.200047 0.996546 -0.08304255 0.08304255 0.996546
6.210047 0.9973266 -0.07307287 0.07307287 0.9973266
6.220047 0.9980075 -0.06309589 0.06309589 0.9980075
6.230048 0.9985885 -0.0531126 0.0531126 0.9985885
6.240048 0.9990698 -0.043124 0.043124 0.9990698
6.250048 0.999451 -0.03313108 0.03313108 0.999451
6.260048 0.9997324 -0.02313485 0.02313485 0.9997324
6.270049 0.9999137 -0.01313631 0.01313631 0.9999137
6.280049 0.9999951 -0.003136455 0.003136455 0.9999951
6.290049 0.9999765 0.006863715 -0.006863715 0.9999765
6.300049 0.9998578 0.0168632 -0.0168632 0.9998578
6.31005 0.9996392 0.026861 -0.026861 0.9996392
6.32005 0.9993206 0.03685611 -0.03685611 0.9993206
6.33005 0.998902 0.04684753 -0.04684753 0.998902
6.34005 0.9983836 0.05683427 -0.05683427 0.9983836
6.35005 0.9977654 0.06681533 -0.06681533 0.9977654
6.360051 0.9970473 0.0767897 -0.0767897 0.9970473
6.370051 0.9962295 0.0867564 -0.0867564 0.9962295
6.380051 0.9953122 0.09671441 -0.09671441 0.9953122
6.390051 0.9942952 0.1066628 -0.1066628 0.9942952
6.400052 0.9931789 0.1166004 -0.1166004 0.9931789
6.410052 0.9919632 0.1265265 -0.1265265 0.9919632
6.420052 0.9906484 0.1364398 -0.1364398 0.9906484
6.430052 0.9892344 0.1463396 -0.1463396 0.9892344
6.440053 0.9877216 0.1562247 -0.1562247 0.9877216
6.450053 0.9861099 0.1660941 -0.1660941 0.9861099
6.460053 0.9843997 0.175947 -0.175947 0.9843997
6.470053 0.982591 0.1857822 -0.1857822 0.982591
6.480053 0.980684 0.1955989 -0.1955989 0.980684
6.490054 0.9786789 0.205396 -0.205396 0.9786789
6.500054 0.976576 0.2151726 -0.2151726 0.976576
6.510054 0.9743755 0.2249277 -0.2249277 0.9743755
6.520054 0.9720774 0.2346602 -0.2346602 0.9720774
6.530055 0.9696822 0.2443693 -0.2443693 0.9696822
6.540055 0.96719 0.254054 -0.254054 0.96719
6.550055 0.9646011 0.2637133 -0.2637133 0.9646011
6.560055 0.9619157 0.2733462 -0.2733462 0.9619157
6.570055 0.9591342 0.2829517 -0.2829517 0.9591342
6.580056 0.9562567 0.292529 -0.292529 0.9562567
6.590056 0.9532835 0.3020769 -0.3020769 0.9532835
6.600056 0.9502151 0.3115948 -0.3115948 0.9502151
6.610056 0.9470516 0.3210814 -0.3210814 0.9470516
6.620057 0.9437934 0.3305359 -0.3305359 0.9437934
6.630057 0.9404408 0.3399574 -0.3399574 0.9404408
6.640057 0.9369943 0.3493448 -0.3493448 0.9369943
6.650057 0.9334539 0.3586974 -0.3586974 0.9334539
6.660058 0.9298202 0.368014 -0.368014 0.9298202
6.670058 0.9260936 0.3772939 -0.3772939 0.9260936
6.680058 0.9222743 0.386536 -0.386536 0.9222743
6.690058 0.9183628 0.3957395 -0.3957395 0.9183628
6.700058 0.9143595 0.4049034 -0.4049034 0.9143595
6.710059 0.9102647 0.4140268 -0.4140268 0.9102647
6.720059 0.9060789 0.4231088 -0.4231088 0.9060789
6.730059 0.9018025 0.4321485 -0.4321485 0.9018025
6.740059 0.8974358 0.4411449 -0.4411449 0.8974358
6.75006 0.8929795 0.4500973 -0.4500973 0.8929795
6.76006 0.8884339 0.4590046 -0.4590046 0.8884339
6.77006 0.8837994 0.4678661 -0.4678661 0.8837994
6.78006 0.8790765 0.4766808 -0.4766808 0.8790765
6.790061 0.8742657 0.4854477 -0.4854477 0.8742657
6.800061 0.8693675 0.4941662 -0.4941662 0.8693675
6.810061 0.8643823 0.5028352 -0.5028352 0.8643823
6.820061 0.8593107 0.5114539 -0.5114539 0.8593107
6.830061 0.8541532 0.5200215 -0.5200215 0.8541532
6.840062 0.8489102 0.5285371 -0.5285371 0.8489102
6.850062 0.8435823 0.5369998 -0.5369998 0.8435823
6.860062 0.8381702 0.5454088 -0.5454088 0.8381702
6.870062 0.8326741 0.5537633 -0.5537633 0.8326741
6.880063 0.8270948 0.5620624 -0.5620624 0.8270948
6.890063 0.8214328 0.5703053 -0.5703053 0.8214328
6.900063 0.8156886 0.5784912 -0.5784912 0.8156886
6.910063 0.8098629 0.5866192 -0.5866192 0.8098629
6.920063 0.8039562 0.5946885 -0.5946885 0.8039562
6.930064 0.797969 0.6026984 -0.6026984 0.797969
6.940064 0.7919021 0.610648 -0.610648 0.7919021
6.950064 0.785756 0.6185366 -0.6185366 0.785756
6.960064 0.7795313 0.6263632 -0.6263632 0.7795313
6.970065 0.7732287 0.6341273 -0.6341273 0.7732287
6.980065 0.7668487 0.6418279 -0.6418279 0.7668487
6.990065 0.760392 0.6494644 -0.6494644 0.760392
7.000065 0.7538593 0.6570358 -0.6570358 0.7538593
7.010066 0.7472512 0.6645417 -0.6645417 0.7472512
7.020066 0.7405684 0.671981 -0.671981 0.7405684
7.030066 0.7338116 0.6793531 -0.6793531 0.7338116
7.040066 0.7269813 0.6866573 -0.6866573 0.7269813
7.050066 0.7200783 0.6938928 -0.6938928 0.7200783
7.060067 0.7131034 0.7010589 -0.7010589 0.7131034
7.070067 0.706057 0.708155 -0.708155 0.706057
7.080067 0.6989402 0.7151802 -0.7151802 0.6989402
7.090067 0.6917533 0.7221339 -0.7221339 0.6917533
7.100068 0.6844974 0.7290154 -0.7290154 0.6844974
7.110068 0.677173 0.7358239 -0.7358239 0.677173
7.120068 0.6697808 0.7425589 -0.7425589 0.6697808
7.130068 0.6623217 0.7492196 -0.7492196 0.6623217
7.140069 0.6547963 0.7558054 -0.7558054 0.6547963
7.150069 0.6472055 0.7623156 -0.7623156 0.6472055
7.160069 0.6395499 0.7687496 -0.7687496 0.6395499
7.170069 0.6318304 0.7751067 -0.7751067 0.6318304
7.180069 0.6240477 0.7813863 -0.7813863 0.6240477
7.19007 0.6162026 0.7875877 -0.7875877 0.6162026
7.20007 0.6082959 0.7937104 -0.7937104 0.6082959
7.21007 0.6003283 0.7997537 -0.7997537 0.6003283
7.22007 0.5923007 0.8057171 -0.8057171 0.5923007
7.230071 0.5842138 0.8115998 -0.8115998 0.5842138
7.240071 0.5760686 0.8174013 -0.8174013 0.5760686
7.250071 0.5678657 0.8231212 -0.8231212 0.5678657
7.260071 0.559606 0.8287588 -0.8287588 0.559606
7.270072 0.5512904 0.8343134 -0.8343134 0.5512904
7.280072 0.5429196 0.8397846 -0.8397846 0.5429196
7.290072 0.5344946 0.8451719 -0.8451719 0.5344946
7.300072 0.5260161 0.8504746 -0.8504746 0.5260161
7.310072 0.517485 0.8556923 -0.8556923 0.517485
7.320073 0.5089022 0.8608243 -0.8608243 0.5089022
7.330073 0.5002684 0.8658704 -0.8658704 0.5002684
7.340073 0.4915847 0.8708298 -0.8708298 0.4915847
7.350073 0.4828517 0.8757021 -0.8757021 0.4828517
7.360074 0.4740705 0.8804869 -0.8804869 0.4740705
7.370074 0.4652419 0.8851836 -0.8851836 0.4652419
7.380074 0.4563667 0.8897918 -0.8897918 0.4563667
7.390074 0.4474459 0.894311 -0.894311 0.4474459
7.400074 0.4384804 0.8987408 -0.8987408 0.4384804
7.410075 0.429471 0.9030806 -0.9030806 0.429471
7.420075 0.4204186 0.9073302 -0.9073302 0.4204186
7.430075 0.4113243 0.9114891 -0.9114891 0.4113243
7.440075 0.4021888 0.9155568 -0.9155568 0.4021888
7.450076 0.393013 0.9195329 -0.9195329 0.393013
7.460076 0.383798 0.9234171 -0.9234171 0.383798
7.470076 0.3745446 0.9272089 -0.9272089 0.3745446
7.480076 0.3652537 0.930908 -0.930908 0.3652537
7.490077 0.3559263 0.934514 -0.934514 0.3559263
7.500077 0.3465633 0.9380266 -0.9380266 0.3465633
7.510077 0.3371657 0.9414454 -0.9414454 0.3371657
7.520077 0.3277343 0.9447699 -0.9447699 0.3277343
7.530077 0.3182701 0.9480001 -0.9480001 0.3182701
7.540078 0.3087742 0.9511354 -0.9511354 0.3087742
7.550078 0.2992473 0.9541756 -0.9541756 0.2992473
7.560078 0.2896905 0.9571204 -0.9571204 0.2896905
7.570078 0.2801048 0.9599695 -0.9599695 0.2801048
7.580079 0.270491 0.9627225 -0.9627225 0.270491
7.590079 0.2608502 0.9653793 -0.9653793 0.2608502
7.600079 0.2511833 0.9679396 -0.9679396 0.2511833
7.610079 0.2414913 0.970403 -0.970403 0.2414913
7.62008 0.2317751 0.9727694 -0.9727694 0.2317751
7.63008 0.2220358 0.9750385 -0.9750385 0.2220358
7.64008 0.2122743 0.9772101 -0.9772101 0.2122743
7.65008 0.2024915 0.979284 -0.979284 0.2024915
7.66008 0.1926885 0.98126 -0.98126 0.1926885
7.670081 0.1828662 0.9831378 -0.9831378 0.1828662
7.680081 0.1730256 0.9849173 -0.9849173 0.1730256
7.690081 0.1631677 0.9865984 -0.9865984 0.1631677
7.700081 0.1532935 0.9881807 -0.9881807 0.1532935
7.710082 0.1434039 0.9896643 -0.9896643 0.1434039
7.720082 0.1335001 0.9910488 -0.9910488 0.1335001
7.730082 0.1235828 0.9923342 -0.9923342 0.1235828
7.740082 0.1136533 0.9935205 -0.9935205 0.1136533
7.750082 0.1037123 0.9946073 -0.9946073 0.1037123
7.760083 0.09376099 0.9955947 -0.9955947 0.09376099
7.770083 0.08380029 0.9964826 -0.9964826 0.08380029
7.780083 0.07383122 0.9972708 -0.9972708 0.07383122
7.790083 0.06385475 0.9979592 -0.9979592 0.06385475
7.800084 0.0538719 0.9985479 -0.9985479 0.0538719
7.810084 0.04388367 0.9990367 -0.9990367 0.04388367
7.820084 0.03389105 0.9994255 -0.9994255 0.03389105
7.830084 0.02389504 0.9997145 -0.9997145 0.02389504
7.840085 0.01389663 0.9999034 -0.9999034 0.01389663
7.850085 0.003896842 0.9999924 -0.9999924 0.003896842
7.860085 -0.006103339 0.9999814 -0.9999814 -0.006103339
7.870085 -0.01610291 0.9998704 -0.9998704 -0.01610291
7.880085 -0.02610087 0.9996593 -0.9996593 -0.02610087
7.890086 -0.03609622 0.9993483 -0.9993483 -0.03609622
7.900086 -0.04608796 0.9989374 -0.9989374 -0.04608796
7.910086 -0.05607509 0.9984266 -0.9984266 -0.05607509
7.920086 -0.06605662 0.9978158 -0.9978158 -0.06605662
7.930087 -0.07603154 0.9971054 -0.9971054 -0.07603154
7.940087 -0.08599885 0.9962952 -0.9962952 -0.08599885
7.950087 -0.09595756 0.9953854 -0.9953854 -0.09595756
7.960087 -0.1059067 0.9943761 -0.9943761 -0.1059067
7.970088 -0.1158452 0.9932673 -0.9932673 -0.1158452
7.980088 -0.1257721 0.9920592 -0.9920592 -0.1257721
7.990088 -0.1356865 0.9907518 -0.9907518 -0.1356865
8.000088 -0.1455868 0.9893455 -0.9893455 -0.1455868
8.010088 -0.1554731 0.9878401 -0.9878401 -0.1554731
8.020088 -0.1653438 0.986236 -0.986236 -0.1653438
8.030088 -0.1751979 0.9845333 -0.9845333 -0.1751979
8.040089 -0.1850346 0.982732 -0.982732 -0.1850346
8.050089 -0.1948527 0.9808325 -0.9808325 -0.1948527
8.060089 -0.2046513 0.9788349 -0.9788349 -0.2046513
8.070089 -0.2144295 0.9767395 -0.9767395 -0.2144295
8.08009 -0.2241862 0.9745463 -0.9745463 -0.2241862
8.09009 -0.2339205 0.9722557 -0.9722557 -0.2339205
8.10009 -0.2436315 0.9698679 -0.9698679 -0.2436315
8.11009 -0.253318 0.967383 -0.967383 -0.253318
8.12009 -0.2629792 0.9648015 -0.9648015 -0.2629792
8.130091 -0.2726142 0.9621235 -0.9621235 -0.2726142
8.140091 -0.2822219 0.9593492 -0.9593492 -0.2822219
8.150091 -0.2918013 0.956479 -0.956479 -0.2918013
8.160091 -0.3013515 0.9535131 -0.9535131 -0.3013515
8.170092 -0.3108717 0.9504519 -0.9504519 -0.3108717
8.180092 -0.3203607 0.9472957 -0.9472957 -0.3203607
8.190092 -0.3298177 0.9440446 -0.9440446 -0.3298177
8.200092 -0.3392417 0.9406992 -0.9406992 -0.3392417
8.210093 -0.3486318 0.9372598 -0.9372598 -0.3486318
8.220093 -0.357987 0.9337265 -0.9337265 -0.357987
8.230093 -0.3673064 0.9301 -0.9301 -0.3673064
8.240093 -0.3765891 0.9263804 -0.9263804 -0.3765891
8.250093 -0.3858342 0.9225681 -0.9225681 -0.3858342
8.260094 -0.3950406 0.9186637 -0.9186637 -0.3950406
8.270094 -0.4042076 0.9146673 -0.9146673 -0.4042076
8.280094 -0.4133341 0.9105794 -0.9105794 -0.4133341
8.290094 -0.4224193 0.9064006 -0.9064006 -0.4224193
8.300095 -0.4314622 0.902131 -0.902131 -0.4314622
8.310095 -0.440462 0.8977712 -0.8977712 -0.440462
8.320095 -0.4494177 0.8933218 -0.8933218 -0.4494177
8.330095 -0.4583285 0.8887829 -0.8887829 -0.4583285
8.340096 -0.4671935 0.8841551 -0.8841551 -0.4671935
8.350096 -0.4760118 0.8794389 -0.8794389 -0.4760118
8.360096 -0.4847824 0.8746348 -0.8746348 -0.4847824
8.370096 -0.4935046 0.8697432 -0.8697432 -0.4935046
8.380096 -0.5021774 0.8647646 -0.8647646 -0.5021774
8.390097 -0.5107999 0.8596996 -0.8596996 -0.5107999
8.400097 -0.5193714 0.8545486 -0.8545486 -0.5193714
8.410097 -0.527891 0.8493121 -0.8493121 -0.527891
8.420097 -0.5363578 0.8439907 -0.8439907 -0.5363578
8.430098 -0.544771 0.8385849 -0.8385849 -0.544771
8.440098 -0.5531296 0.8330952 -0.8330952 -0.5531296
8.450098 -0.561433 0.8275222 -0.8275222 -0.561433
8.460098 -0.5696802 0.8218665 -0.8218665 -0.5696802
8.470098 -0.5778704 0.8161286 -0.8161286 -0.5778704
8.480099 -0.5860028 0.810309 -0.810309 -0.5860028
8.490099 -0.5940767 0.8044084 -0.8044084 -0.5940767
8.500099 -0.6020911 0.7984274 -0.7984274 -0.6020911
8.510099 -0.6100453 0.7923665 -0.7923665 -0.6100453
8.5201 -0.6179385 0.7862264 -0.7862264 -0.6179385
8.5301 -0.6257699 0.7800077 -0.7800077 -0.6257699
8.5401 -0.6335388 0.773711 -0.773711 -0.6335388
8.5501 -0.6412442 0.7673368 -0.7673368 -0.6412442
8.560101 -0.6488856 0.760886 -0.760886 -0.6488856
8.570101 -0.6564621 0.754359 -0.754359 -0.6564621
8.580101 -0.6639729 0.7477567 -0.7477567 -0.6639729
8.590101 -0.6714173 0.7410795 -0.7410795 -0.6714173
8.600101 -0.6787946 0.7343282 -0.7343282 -0.6787946
8.610102 -0.6861039 0.7275035 -0.7275035 -0.6861039
8.620102 -0.6933447 0.7206061 -0.7206061 -0.6933447
8.630102 -0.7005162 0.7136365 -0.7136365 -0.7005162
8.640102 -0.7076175 0.7065957 -0.7065957 -0.7076175
8.650103 -0.7146482 0.6994841 -0.6994841 -0.7146482
8.660103 -0.7216073 0.6923026 -0.6923026 -0.7216073
8.670103 -0.7284943 0.6850519 -0.6850519 -0.7284943
8.680103 -0.7353084 0.6777326 -0.6777326 -0.7353084
8.690104 -0.742049 0.6703456 -0.6703456 -0.742049
8.700104 -0.7487155 0.6628916 -0.6628916 -0.7487155
8.710104 -0.755307 0.6553712 -0.6553712 -0.755307
8.720104 -0.7618229 0.6477853 -0.6477853 -0.7618229
8.730104 -0.7682627 0.6401346 -0.6401346 -0.7682627
8.740105 -0.7746257 0.6324199 -0.6324199 -0.7746257
8.750105 -0.7809112 0.624642 -0.624642 -0.7809112
8.760105 -0.7871186 0.6168016 -0.6168016 -0.7871186
8.770105 -0.7932473 0.6088996 -0.6088996 -0.7932473
8.780106 -0.7992967 0.6009366 -0.6009366 -0.7992967
8.790106 -0.8052661 0.5929135 -0.5929135 -0.8052661
8.800106 -0.811155 0.5848312 -0.5848312 -0.811155
8.810106 -0.8169628 0.5766903 -0.5766903 -0.8169628
8.820107 -0.8226889 0.5684918 -0.5684918 -0.8226889
8.830107 -0.8283327 0.5602365 -0.5602365 -0.8283327
8.840107 -0.8338937 0.5519251 -0.5519251 -0.8338937
8.850107 -0.8393713 0.5435585 -0.5435585 -0.8393713
8.860107 -0.8447649 0.5351375 -0.5351375 -0.8447649
8.870108 -0.8500741 0.5266631 -0.5266631 -0.8500741
8.880108 -0.8552983 0.518136 -0.518136 -0.8552983
8.890108 -0.8604369 0.509557 -0.509557 -0.8604369
8.900108 -0.8654895 0.5009271 -0.5009271 -0.8654895
8.910109 -0.8704555 0.4922471 -0.4922471 -0.8704555
8.920109 -0.8753345 0.4835179 -0.4835179 -0.8753345
8.930109 -0.8801259 0.4747403 -0.4747403 -0.8801259
8.940109 -0.8848293 0.4659152 -0.4659152 -0.8848293
8.950109 -0.8894443 0.4570436 -0.4570436 -0.8894443
8.96011 -0.8939703 0.4481263 -0.4481263 -0.8939703
8.97011 -0.8984069 0.4391641 -0.4391641 -0.8984069
8.98011 -0.9027536 0.430158 -0.430158 -0.9027536
8.99011 -0.9070101 0.4211089 -0.4211089 -0.9070101
9.000111 -0.9111758 0.4120177 -0.4120177 -0.9111758
9.010111 -0.9152505 0.4028853 -0.4028853 -0.9152505
9.020111 -0.9192336 0.3937126 -0.3937126 -0.9192336
9.030111 -0.9231248 0.3845005 -0.3845005 -0.9231248
9.040112 -0.9269236 0.37525 -0.37525 -0.9269236
9.050112 -0.9306298 0.3659619 -0.3659619 -0.9306298
9.060112 -0.934243 0.3566372 -0.3566372 -0.934243
9.070112 -0.9377626 0.3472769 -0.3472769 -0.9377626
9.080112 -0.9411885 0.3378819 -0.3378819 -0.9411885
9.090113 -0.9445203 0.328453 -0.328453 -0.9445203
9.100113 -0.9477576 0.3189914 -0.3189914 -0.9477576
9.110113 -0.9509002 0.3094978 -0.3094978 -0.9509002
9.120113 -0.9539476 0.2999732 -0.2999732 -0.9539476
9.130114 -0.9568996 0.2904187 -0.2904187 -0.9568996
9.140114 -0.959756 0.2808351 -0.2808351 -0.959756
9.150114 -0.9625164 0.2712235 -0.2712235 -0.9625164
9.160114 -0.9651805 0.2615847 -0.2615847 -0.9651805
9.170115 -0.9677482 0.2519197 -0.2519197 -0.9677482
9.180115 -0.970219 0.2422296 -0.2422296 -0.970219
9.190115 -0.9725928 0.2325152 -0.2325152 -0.9725928
9.200115 -0.9748693 0.2227776 -0.2227776 -0.9748693
9.210115 -0.9770483 0.2130177 -0.2130177 -0.9770483
9.220116 -0.9791297 0.2032365 -0.2032365 -0.9791297
9.230116 -0.9811131 0.193435 -0.193435 -0.9811131
9.240116 -0.9829984 0.1836141 -0.1836141 -0.9829984
9.250116 -0.9847854 0.1737749 -0.1737749 -0.9847854
9.260117 -0.9864739 0.1639183 -0.1639183 -0.9864739
9.270117 -0.9880638 0.1540453 -0.1540453 -0.9880638
9.280117 -0.9895548 0.1441569 -0.1441569 -0.9895548
9.290117 -0.9909469 0.1342541 -0.1342541 -0.9909469
9.300117 -0.99224 0.1243378 -0.1243378 -0.99224
9.310118 -0.9934337 0.1144092 -0.1144092 -0.9934337
9.320118 -0.9945281 0.104469 -0.104469 -0.9945281
9.330118 -0.9955231 0.09451848 -0.09451848 -0.9955231
9.340118 -0.9964185 0.08455846 -0.08455846 -0.9964185
9.350119 -0.9972143 0.07458998 -0.07458998 -0.9972143
9.360119 -0.9979103 0.06461405 -0.06461405 -0.9979103
9.370119 -0.9985066 0.05463165 -0.05463165 -0.9985066
9.380119 -0.999003 0.04464379 -0.04464379 -0.999003
9.39012 -0.9993995 0.03465147 -0.03465147 -0.9993995
9.40012 -0.999696 0.02465568 -0.02465568 -0.999696
9.41012 -0.9998926 0.01465743 -0.01465743 -0.9998926
9.42012 -0.9999892 0.004657705 -0.004657705 -0.9999892
9.43012 -0.9999858 -0.005342482 0.005342482 -0.9999858
9.440121 -0.9998823 -0.01534213 0.01534213 -0.9998823
9.450121 -0.9996789 -0.02534025 0.02534025 -0.9996789
9.460121 -0.9993755 -0.03533584 0.03533584 -0.9993755
9.470121 -0.9989722 -0.04532789 0.04532789 -0.9989722
9.480122 -0.9984689 -0.05531541 0.05531541 -0.9984689
9.490122 -0.9978659 -0.06529739 0.06529739 -0.9978659
9.500122 -0.997163 -0.07527284 0.07527284 -0.997163
9.510122 -0.9963604 -0.08524077 0.08524077 -0.9963604
9.520123 -0.9954581 -0.09520017 0.09520017 -0.9954581
9.530123 -0.9944564 -0.1051501 0.1051501 -0.9944564
9.540123 -0.9933552 -0.1150894 0.1150894 -0.9933552
9.550123 -0.9921545 -0.1250173 0.1250173 -0.9921545
9.560123 -0.9908548 -0.1349326 0.1349326 -0.9908548
9.570124 -0.9894559 -0.1448345 0.1448345 -0.9894559
9.580124 -0.9879581 -0.1547219 0.1547219 -0.9879581
9.590124 -0.9863614 -0.1645938 0.1645938 -0.9863614
9.600124 -0.9846662 -0.1744492 0.1744492 -0.9846662
9.610125 -0.9828724 -0.1842872 0.1842872 -0.9828724
9.620125 -0.9809804 -0.1941068 0.1941068 -0.9809804
9.630125 -0.9789903 -0.203907 0.203907 -0.9789903
9.640125 -0.9769022 -0.2136867 0.2136867 -0.9769022
9.650126 -0.9747165 -0.2234451 0.2234451 -0.9747165
9.660126 -0.9724333 -0.2331812 0.2331812 -0.9724333
9.670126 -0.9700528 -0.2428939 0.2428939 -0.9700528
9.680126 -0.9675754 -0.2525824 0.2525824 -0.9675754
9.690126 -0.9650012 -0.2622455 0.2622455 -0.9650012
9.700127 -0.9623305 -0.2718825 0.2718825 -0.9623305
9.710127 -0.9595635 -0.2814923 0.2814923 -0.9595635
9.720127 -0.9567006 -0.2910739 0.2910739 -0.9567006
9.730127 -0.953742 -0.3006264 0.3006264 -0.953742
9.740128 -0.950688 -0.3101489 0.3101489 -0.950688
9.750128 -0.947539 -0.3196403 0.3196403 -0.947539
9.760128 -0.9442952 -0.3290997 0.3290997 -0.9442952
9.770128 -0.940957 -0.3385263 0.3385263 -0.940957
9.780128 -0.9375246 -0.347919 0.347919 -0.9375246
9.790129 -0.9339985 -0.3572769 0.3572769 -0.9339985
9.800129 -0.930379 -0.3665991 0.3665991 -0.930379
9.810129 -0.9266665 -0.3758846 0.3758846 -0.9266665
9.820129 -0.9228613 -0.3851326 0.3851326 -0.9228613
9.83013 -0.9189638 -0.3943419 0.3943419 -0.9189638
9.84013 -0.9149744 -0.4035119 0.4035119 -0.9149744
9.85013 -0.9108935 -0.4126416 0.4126416 -0.9108935
9.86013 -0.9067215 -0.4217299 0.4217299 -0.9067215
9.870131 -0.9024588 -0.4307761 0.4307761 -0.9024588
9.880131 -0.8981059 -0.4397792 0.4397792 -0.8981059
9.890131 -0.8936632 -0.4487383 0.4487383 -0.8936632
9.900131 -0.8891311 -0.4576526 0.4576526 -0.8891311
9.910131 -0.8845101 -0.4665211 0.4665211 -0.8845101
9.920132 -0.8798006 -0.4753429 0.4753429 -0.8798006
9.930132 -0.8750032 -0.4841172 0.4841172 -0.8750032
9.940132 -0.8701182 -0.4928431 0.4928431 -0.8701182
9.950132 -0.8651463 -0.5015196 0.5015196 -0.8651463
9.960133 -0.8600878 -0.5101461 0.5101461 -0.8600878
9.970133 -0.8549433 -0.5187215 0.5187215 -0.8549433
9.980133 -0.8497133 -0.527245 0.527245 -0.8497133
9.990133 -0.8443983 -0.5357159 0.5357159 -0.8443983
