0 0 0 7.071066 7.071066
0.001 0.007053445 0.007048552 7.035799 7.026014
0.002 0.01407165 0.01405209 7.000708 6.981186
0.003 0.02105488 0.02101094 6.965792 6.936582
0.004 0.0280033 0.02792533 6.93105 6.8922
0.005 0.03491707 0.03479545 6.896481 6.848039
0.006000001 0.04179636 0.04162152 6.862085 6.804099
0.007000001 0.04864126 0.04840367 6.82786 6.760378
0.008 0.05545211 0.05514231 6.793806 6.716875
0.009000001 0.06222899 0.06183756 6.759922 6.673589
0.01 0.06897207 0.06848963 6.726206 6.630518
0.011 0.07568142 0.07509862 6.692659 6.587663
0.012 0.0823574 0.08166496 6.659279 6.545022
0.013 0.08900008 0.08818878 6.626066 6.502593
0.014 0.09560964 0.09467027 6.593019 6.460375
0.015 0.1021861 0.1011096 6.560136 6.418368
0.016 0.10873 0.1075071 6.527417 6.376571
0.017 0.1152411 0.1138628 6.494861 6.334982
0.018 0.1217197 0.1201771 6.462468 6.293601
0.019 0.128166 0.1264501 6.430236 6.252426
0.02 0.1345802 0.132682 6.398166 6.211457
0.021 0.1409624 0.138873 6.366254 6.170691
0.022 0.1473128 0.1450234 6.334503 6.130129
0.023 0.1536315 0.1511334 6.302909 6.089769
0.024 0.1599187 0.157203 6.271473 6.049611
0.025 0.1661745 0.1632327 6.240194 6.009653
0.026 0.1723991 0.1692224 6.209071 5.969894
0.027 0.1785927 0.1751726 6.178103 5.930334
0.028 0.1847554 0.1810831 6.14729 5.890971
0.029 0.1908873 0.1869545 6.11663 5.851804
0.03 0.1969887 0.1927869 6.086123 5.812832
0.031 0.2030597 0.1985803 6.055768 5.774055
0.032 0.2091003 0.204335 6.025565 5.735471
0.033 0.2151108 0.2100512 5.995513 5.69708
0.034 0.2210914 0.2157292 5.96561 5.65888
0.035 0.2270421 0.2213691 5.935856 5.620871
0.03599999 0.2329631 0.226971 5.906251 5.583051
0.03699999 0.2388547 0.2325353 5.876793 5.54542
0.03799999 0.2447167 0.2380618 5.847483 5.507977
0.03899999 0.2505496 0.2435511 5.818319 5.470721
0.03999999 0.2563534 0.2490034 5.789299 5.43365
0.04099999 0.2621282 0.2544186 5.760426 5.396764
0.04199998 0.2678743 0.2597969 5.731696 5.360062
0.04299998 0.2735917 0.2651387 5.703108 5.323543
0.04399998 0.2792806 0.2704441 5.674664 5.287206
0.04499998 0.284941 0.2757132 5.646361 5.25105
0.04599998 0.2905733 0.2809463 5.6182 5.215075
0.04699998 0.2961775 0.2861434 5.590179 5.179279
0.04799997 0.3017537 0.2913048 5.562298 5.143662
0.04899997 0.3073021 0.2964307 5.534556 5.108223
0.04999997 0.3128228 0.3015213 5.506953 5.07296
0.05099997 0.3183161 0.3065767 5.479486 5.037873
0.05199997 0.3237818 0.3115971 5.452158 5.002961
0.05299997 0.3292204 0.3165827 5.424965 4.968224
0.05399996 0.3346318 0.3215336 5.397908 4.933659
0.05499996 0.3400162 0.32645 5.370986 4.899267
0.05599996 0.3453737 0.3313321 5.344198 4.865047
0.05699996 0.3507046 0.3361802 5.317544 4.830996
0.05799996 0.3560089 0.3409942 5.291022 4.797116
0.05899996 0.3612867 0.3457744 5.264634 4.763405
0.05999995 0.3665382 0.3505211 5.238376 4.729862
0.06099995 0.3717635 0.3552342 5.21225 4.696486
0.06199995 0.3769627 0.359914 5.186254 4.663277
0.06299995 0.382136 0.3645608 5.160387 4.630233
0.06399995 0.3872836 0.3691746 5.134649 4.597354
0.06499995 0.3924053 0.3737555 5.10904 4.56464
0.06599995 0.3975017 0.378304 5.083559 4.532087
0.06699996 0.4025726 0.3828198 5.058204 4.499698
0.06799996 0.4076182 0.3873034 5.032976 4.46747
0.06899996 0.4126386 0.3917548 5.007874 4.435402
0.06999996 0.417634 0.3961743 4.982897 4.403495
0.07099997 0.4226045 0.4005619 4.958045 4.371747
0.07199997 0.4275502 0.4049179 4.933316 4.340158
0.07299997 0.4324712 0.4092422 4.908711 4.308725
0.07399997 0.4373676 0.4135353 4.884229 4.27745
0.07499997 0.4422397 0.4177972 4.859869 4.24633
0.07599998 0.4470874 0.4220281 4.83563 4.215366
0.07699998 0.451911 0.426228 4.811512 4.184556
0.07799998 0.4567105 0.4303972 4.787515 4.153901
0.07899998 0.4614861 0.434536 4.763637 4.123397
0.07999998 0.4662379 0.4386441 4.739878 4.093046
0.08099999 0.4709659 0.4427221 4.716238 4.062846
0.08199999 0.4756704 0.4467699 4.692715 4.032797
0.08299999 0.4803514 0.4507877 4.66931 4.002898
0.08399999 0.4850091 0.4547757 4.646022 3.973148
0.08499999 0.4896435 0.4587341 4.622849 3.943546
0.086 0.4942548 0.4626629 4.599793 3.914092
0.087 0.4988432 0.4665624 4.576851 3.884785
0.088 0.5034086 0.4704325 4.554024 3.855624
0.089 0.5079513 0.4742737 4.531311 3.826608
0.09 0.5124713 0.4780858 4.508711 3.797737
0.09100001 0.5169688 0.4818692 4.486223 3.76901
0.09200001 0.5214438 0.4856239 4.463849 3.740427
0.09300001 0.5258965 0.4893501 4.441585 3.711986
0.09400001 0.530327 0.493048 4.419432 3.683686
0.09500001 0.5347354 0.4967175 4.39739 3.655529
0.09600002 0.5391218 0.500359 4.375458 3.627511
0.09700002 0.5434864 0.5039726 4.353635 3.599633
0.09800002 0.5478292 0.5075584 4.331921 3.571894
0.09900002 0.5521502 0.5111164 4.310316 3.544294
0.1 0.5564498 0.514647 4.288818 3.516831
0.101 0.560728 0.5181502 4.267427 3.489505
0.102 0.5649847 0.5216261 4.246144 3.462316
0.103 0.5692203 0.5250749 4.224966 3.435262
0.104 0.5734348 0.5284967 4.203894 3.408343
0.105 0.5776281 0.5318916 4.182927 3.381558
0.106 0.5818006 0.5352598 4.162064 3.354907
0.107 0.5859524 0.5386015 4.141305 3.328388
0.108 0.5900834 0.5419167 4.120651 3.302002
0.109 0.5941937 0.5452055 4.100099 3.275748
0.11 0.5982835 0.5484682 4.07965 3.249625
0.111 0.6023531 0.5517049 4.059302 3.223632
0.112 0.6064022 0.5549155 4.039056 3.197768
0.1130001 0.6104312 0.5581004 4.018911 3.172034
0.1140001 0.6144401 0.5612597 3.998867 3.146428
0.1150001 0.6184291 0.5643934 3.978922 3.120949
0.1160001 0.622398 0.5675017 3.959077 3.095598
0.1170001 0.6263472 0.5705846 3.939332 3.070373
0.1180001 0.6302767 0.5736424 3.919684 3.045274
0.1190001 0.6341867 0.5766752 3.900134 3.020299
0.1200001 0.6380771 0.5796831 3.880682 2.99545
0.1210001 0.641948 0.5826661 3.861327 2.970725
0.1220001 0.6457998 0.5856246 3.842069 2.946123
0.1230001 0.6496322 0.5885584 3.822906 2.921643
0.1240001 0.6534456 0.5914679 3.803839 2.897286
0.1250001 0.65724 0.5943531 3.784868 2.87305
0.1260001 0.6610153 0.597214 3.765991 2.848936
0.1270001 0.664772 0.600051 3.747208 2.824941
0.1280001 0.6685099 0.602864 3.728518 2.801065
0.1290001 0.6722291 0.6056532 3.709922 2.777309
0.1300001 0.6759298 0.6084187 3.691419 2.753672
0.1310001 0.679612 0.6111606 3.673008 2.730153
0.1320001 0.6832758 0.613879 3.654689 2.706751
0.1330001 0.6869214 0.6165742 3.636461 2.683465
0.1340001 0.6905487 0.6192459 3.618324 2.660296
0.1350001 0.6941581 0.6218948 3.600277 2.637241
0.1360001 0.6977494 0.6245205 3.582321 2.614303
0.1370001 0.7013227 0.6271234 3.564454 2.591479
0.1380001 0.7048783 0.6297035 3.546676 2.568768
0.1390001 0.7084162 0.632261 3.528987 2.54617
0.1400001 0.7119364 0.634796 3.511386 2.523686
0.1410001 0.715439 0.6373084 3.493873 2.501313
0.1420001 0.7189242 0.6397986 3.476447 2.479052
0.1430001 0.722392 0.6422666 3.459108 2.456902
0.1440001 0.7258424 0.6447124 3.441855 2.434863
0.1450001 0.7292756 0.6471363 3.424689 2.412934
0.1460001 0.7326919 0.6495385 3.407608 2.391113
0.1470001 0.736091 0.6519186 3.390613 2.369402
0.1480001 0.7394731 0.6542772 3.373702 2.347799
0.1490001 0.7428384 0.6566142 3.356876 2.326304
0.1500001 0.7461869 0.6589298 3.340133 2.304916
0.1510001 0.7495187 0.6612242 3.323474 2.283634
0.1520001 0.7528339 0.6634972 3.306898 2.262459
0.1530001 0.7561325 0.6657491 3.290405 2.24139
0.1540001 0.7594147 0.66798 3.273994 2.220425
0.1550001 0.7626806 0.67019 3.257665 2.199565
0.1560001 0.7659301 0.6723792 3.241417 2.178809
0.1570001 0.7691634 0.6745477 3.22525 2.158157
0.1580001 0.7723807 0.6766955 3.209164 2.137607
0.1590001 0.7755818 0.6788229 3.193159 2.11716
0.1600001 0.778767 0.6809299 3.177233 2.096815
0.1610001 0.7819363 0.6830165 3.161386 2.076572
0.1620001 0.7850899 0.6850832 3.145618 2.056429
0.1630002 0.7882276 0.6871295 3.12993 2.036387
0.1640002 0.7913497 0.6891559 3.114319 2.016445
0.1650002 0.7944563 0.6911624 3.098786 1.996603
0.1660002 0.7975473 0.6931491 3.083331 1.976859
0.1670002 0.800623 0.6951162 3.067953 1.957214
0.1680002 0.8036833 0.6970636 3.052651 1.937667
0.1690002 0.8067283 0.6989915 3.037426 1.918217
0.1700002 0.8097582 0.7009001 3.022277 1.898864
0.1710002 0.8127729 0.7027893 3.007203 1.879608
0.1720002 0.8157727 0.7046593 2.992205 1.860448
0.1730002 0.8187574 0.7065102 2.977281 1.841383
0.1740002 0.8217272 0.7083421 2.962432 1.822414
0.1750002 0.8246823 0.7101551 2.947656 1.803539
0.1760002 0.8276226 0.7119492 2.932955 1.784758
0.1770002 0.8305482 0.7137247 2.918327 1.766071
0.1780002 0.8334593 0.7154815 2.903771 1.747477
0.1790002 0.8363558 0.7172197 2.889289 1.728976
0.1800002 0.8392379 0.7189395 2.874878 1.710567
0.1810002 0.8421056 0.7206408 2.86054 1.69225
0.1820002 0.844959 0.722324 2.846273 1.674025
0.1830002 0.8477982 0.723989 2.832077 1.65589
0.1840002 0.8506232 0.7256358 2.817952 1.637845
0.1850002 0.8534341 0.7272646 2.803897 1.619891
0.1860002 0.856231 0.7288756 2.789913 1.602026
0.1870002 0.859014 0.7304688 2.775998 1.58425
0.1880002 0.8617831 0.7320442 2.762153 1.566564
0.1890002 0.8645383 0.7336019 2.748376 1.548965
0.1900002 0.8672798 0.7351421 2.734669 1.531454
0.1910002 0.8700078 0.7366649 2.721029 1.51403
0.1920002 0.872722 0.7381702 2.707458 1.496693
0.1930002 0.8754227 0.7396583 2.693954 1.479443
0.1940002 0.8781099 0.7411292 2.680518 1.462278
0.1950002 0.8807837 0.7425829 2.667149 1.4452
0.1960002 0.8834442 0.7440196 2.653847 1.428206
0.1970002 0.8860914 0.7454393 2.640611 1.411298
0.1980002 0.8887255 0.7468422 2.62744 1.394473
0.1990002 0.8913464 0.7482283 2.614336 1.377733
0.2000002 0.8939542 0.7495977 2.601297 1.361075
0.2010002 0.896549 0.7509505 2.588323 1.344501
0.2020002 0.8991309 0.7522867 2.575414 1.32801
0.2030002 0.9016999 0.7536066 2.562568 1.311601
0.2040002 0.904256 0.75491 2.549788 1.295274
0.2050002 0.9067994 0.7561971 2.537071 1.279029
0.2060002 0.9093302 0.757468 2.524417 1.262864
0.2070002 0.9118483 0.7587228 2.511827 1.24678
0.2080002 0.9143539 0.7599617 2.499299 1.230776
0.2090002 0.916847 0.7611845 2.486833 1.214851
0.2100002 0.9193276 0.7623914 2.47443 1.199007
0.2110002 0.9217959 0.7635825 2.462089 1.183241
0.2120003 0.9242519 0.7647579 2.449809 1.167554
0.2130003 0.9266955 0.7659177 2.437591 1.151946
0.2140003 0.929127 0.7670618 2.425433 1.136415
0.2150003 0.9315464 0.7681905 2.413336 1.120961
0.2160003 0.9339538 0.7693038 2.401299 1.105585
0.2170003 0.9363491 0.7704017 2.389323 1.090285
0.2180003 0.9387324 0.7714844 2.377406 1.075062
0.2190003 0.9411039 0.7725519 2.365549 1.059914
0.2200003 0.9434636 0.7736043 2.35375 1.044842
0.2210003 0.9458114 0.7746416 2.342011 1.029846
0.2220003 0.9481476 0.775664 2.33033 1.014924
0.2230003 0.9504721 0.7766715 2.318707 1.000076
0.2240003 0.952785 0.7776641 2.307143 0.9853032
0.2250003 0.9550864 0.7786421 2.295636 0.9706032
0.2260003 0.9573764 0.7796054 2.284186 0.9559767
0.2270003 0.9596549 0.7805541 2.272794 0.9414231
0.2280003 0.961922 0.7814883 2.261458 0.9269422
0.2290003 0.9641777 0.7824079 2.250179 0.9125338
0.2300003 0.9664223 0.7833133 2.238956 0.8981969
0.2310003 0.9686557 0.7842044 2.22779 0.8839317
0.2320003 0.9708779 0.7850813 2.216678 0.8697373
0.2330003 0.9730891 0.7859439 2.205622 0.8556139
0.2340003 0.9752892 0.7867925 2.194622 0.841561
0.2350003 0.9774784 0.787627 2.183676 0.8275782
0.2360003 0.9796566 0.7884477 2.172785 0.813665
0.2370003 0.981824 0.7892544 2.161948 0.7998214
0.2380003 0.9839805 0.7900473 2.151166 0.7860469
0.2390003 0.9861263 0.7908265 2.140437 0.7723408
0.2400003 0.9882614 0.791592 2.129761 0.7587034
0.2410003 0.9903859 0.792344 2.119139 0.7451335
0.2420003 0.9924998 0.7930824 2.108569 0.7316314
0.2430003 0.994603 0.7938073 2.098053 0.7181969
0.2440003 0.9966959 0.7945188 2.087589 0.7048295
0.2450003 0.9987783 0.7952169 2.077177 0.6915286
0.2460003 1.00085 0.7959018 2.066817 0.6782941
0.2470003 1.002912 0.7965735 2.056509 0.6651256
0.2480003 1.004963 0.7972322 2.046252 0.6520225
0.2490003 1.007004 0.7978777 2.036046 0.6389849
0.2500003 1.009035 0.7985101 2.025891 0.6260126
0.2510003 1.011056 0.7991297 2.015787 0.613105
0.2520003 1.013067 0.7997363 2.005733 0.6002617
0.2530003 1.015068 0.8003302 1.99573 0.5874828
0.2540003 1.017058 0.8009113 1.985776 0.5747671
0.2550003 1.019039 0.8014798 1.975872 0.5621151
0.2560003 1.02101 0.8020355 1.966018 0.5495262
0.2570002 1.022971 0.8025788 1.956212 0.5370001
0.2580002 1.024922 0.8031096 1.946456 0.5245364
0.2590002 1.026864 0.8036278 1.936748 0.5121351
0.2600002 1.028796 0.8041338 1.927088 0.4997952
0.2610002 1.030718 0.8046275 1.917477 0.4875172
0.2620002 1.032631 0.8051088 1.907914 0.4753004
0.2630002 1.034534 0.8055781 1.898398 0.4631444
0.2640001 1.036428 0.8060352 1.88893 0.4510489
0.2650001 1.038312 0.8064802 1.879509 0.4390143
0.2660001 1.040187 0.8069132 1.870135 0.4270392
0.2670001 1.042052 0.8073342 1.860808 0.4151241
0.2680001 1.043908 0.8077435 1.851527 0.403268
0.2690001 1.045755 0.8081408 1.842293 0.3914717
0.2700001 1.047593 0.8085265 1.833104 0.3797335
0.2710001 1.049421 0.8089002 1.823962 0.3680545
0.272 1.051241 0.8092626 1.814865 0.3564332
0.273 1.053051 0.8096132 1.805813 0.3448702
0.274 1.054852 0.8099523 1.796807 0.3333648
0.275 1.056645 0.8102799 1.787846 0.3219168
0.276 1.058428 0.8105962 1.778929 0.3105257
0.277 1.060202 0.810901 1.770056 0.2991918
0.278 1.061968 0.8111945 1.761228 0.2879141
0.279 1.063725 0.8114768 1.752444 0.2766929
0.2799999 1.065473 0.8117479 1.743704 0.2655273
0.2809999 1.067212 0.8120078 1.735007 0.2544178
0.2819999 1.068943 0.8122568 1.726354 0.2433634
0.2829999 1.070665 0.8124946 1.717744 0.2323643
0.2839999 1.072378 0.8127215 1.709177 0.22142
0.2849999 1.074083 0.8129374 1.700652 0.2105303
0.2859999 1.07578 0.8131426 1.69217 0.1996947
0.2869999 1.077467 0.8133368 1.683731 0.1889136
0.2879998 1.079147 0.8135204 1.675333 0.1781858
0.2889998 1.080818 0.8136932 1.666978 0.1675119
0.2899998 1.082481 0.8138555 1.658664 0.1568909
0.2909998 1.084135 0.814007 1.650391 0.1463231
0.2919998 1.085782 0.8141481 1.64216 0.1358079
0.2929998 1.08742 0.8142787 1.63397 0.1253452
0.2939998 1.08905 0.8143988 1.62582 0.1149346
0.2949997 1.090671 0.8145086 1.617712 0.1045761
0.2959997 1.092285 0.814608 1.609643 0.09426895
0.2969997 1.093891 0.8146971 1.601615 0.08401354
0.2979997 1.095488 0.8147761 1.593627 0.073809
0.2989997 1.097078 0.8148447 1.585679 0.06365561
0.2999997 1.09866 0.8149034 1.577771 0.0535527
0.3009997 1.100233 0.8149519 1.569902 0.04350027
0.3019997 1.101799 0.8149903 1.562072 0.0334979
0.3029996 1.103357 0.8150189 1.554281 0.02354548
0.3039996 1.104908 0.8150375 1.546529 0.01364259
0.3049996 1.10645 0.8150462 1.538816 0.003789234
0.3059996 1.107985 0.8150451 1.531141 -0.006015128
0.3069996 1.109513 0.8150342 1.523505 -0.01577049
0.3079996 1.111032 0.8150135 1.515906 -0.02547727
0.3089996 1.112545 0.8149832 1.508346 -0.03513545
0.3099996 1.114049 0.8149433 1.500823 -0.04474571
0.3109995 1.115546 0.8148938 1.493338 -0.05430792
0.3119995 1.117036 0.8148347 1.48589 -0.06382248
0.3129995 1.118518 0.8147661 1.478479 -0.07328953
0.3139995 1.119993 0.8146881 1.471105 -0.08270946
0.3149995 1.12146 0.8146007 1.463768 -0.09208228
0.3159995 1.12292 0.814504 1.456467 -0.1014084
0.3169995 1.124373 0.8143979 1.449203 -0.1106879
0.3179995 1.125819 0.8142827 1.441975 -0.1199215
0.3189994 1.127257 0.8141581 1.434784 -0.1291087
0.3199994 1.128688 0.8140244 1.427628 -0.1382502
0.3209994 1.130112 0.8138816 1.420508 -0.1473459
0.3219994 1.131529 0.8137298 1.413423 -0.1563966
0.3229994 1.132939 0.8135688 1.406374 -0.1654018
0.3239994 1.134342 0.813399 1.399359 -0.1743624
0.3249994 1.135738 0.8132201 1.39238 -0.1832781
0.3259993 1.137127 0.8130324 1.385436 -0.1921494
0.3269993 1.138509 0.8128359 1.378526 -0.2009764
0.3279993 1.139884 0.8126305 1.37165 -0.2097595
0.3289993 1.141252 0.8124164 1.364809 -0.2184986
0.3299993 1.142613 0.8121935 1.358002 -0.2271944
0.3309993 1.143968 0.811962 1.351229 -0.2358465
0.3319993 1.145316 0.8117219 1.34449 -0.2444558
0.3329993 1.146657 0.8114731 1.337785 -0.2530218
0.3339992 1.147991 0.8112158 1.331113 -0.2615454
0.3349992 1.149319 0.81095 1.324474 -0.2700262
0.3359992 1.15064 0.8106758 1.317868 -0.278465
0.3369992 1.151955 0.8103931 1.311295 -0.2868614
0.3379992 1.153263 0.8101021 1.304755 -0.2952163
0.3389992 1.154564 0.8098027 1.298248 -0.3035292
0.3399992 1.155859 0.8094951 1.291773 -0.3118008
0.3409992 1.157148 0.8091791 1.28533 -0.320031
0.3419991 1.15843 0.808855 1.278919 -0.3282203
0.3429991 1.159706 0.8085227 1.272541 -0.3363686
0.3439991 1.160975 0.8081823 1.266194 -0.3444766
0.3449991 1.162238 0.8078338 1.259879 -0.3525437
0.3459991 1.163495 0.8074772 1.253595 -0.3605709
0.3469991 1.164745 0.8071126 1.247343 -0.3685579
0.3479991 1.165989 0.8067402 1.241122 -0.3765053
0.3489991 1.167227 0.8063596 1.234932 -0.3844126
0.349999 1.168459 0.8059713 1.228773 -0.3922809
0.350999 1.169685 0.8055751 1.222645 -0.4001098
0.351999 1.170904 0.8051711 1.216547 -0.4078997
0.352999 1.172118 0.8047594 1.210479 -0.4156507
0.353999 1.173325 0.8043399 1.204442 -0.4233631
0.354999 1.174527 0.8039126 1.198435 -0.4310369
0.355999 1.175722 0.8034778 1.192458 -0.4386725
0.356999 1.176912 0.8030353 1.18651 -0.44627
0.3579989 1.178095 0.8025853 1.180593 -0.4538297
0.3589989 1.179273 0.8021277 1.174705 -0.4613516
0.3599989 1.180445 0.8016626 1.168846 -0.468836
0.3609989 1.18161 0.8011901 1.163016 -0.4762831
0.3619989 1.182771 0.8007101 1.157216 -0.4836931
0.3629989 1.183925 0.8002227 1.151444 -0.491066
0.3639989 1.185073 0.799728 1.145701 -0.4984023
0.3649988 1.186216 0.7992259 1.139987 -0.5057018
0.3659988 1.187353 0.7987166 1.134302 -0.5129651
0.3669988 1.188485 0.7982 1.128644 -0.5201921
0.3679988 1.189611 0.7976763 1.123015 -0.5273831
0.3689988 1.190731 0.7971452 1.117414 -0.5345381
0.3699988 1.191845 0.7966072 1.111841 -0.5416576
0.3709988 1.192955 0.796062 1.106296 -0.5487415
0.3719988 1.194058 0.7955098 1.100778 -0.5557901
0.3729987 1.195156 0.7949504 1.095288 -0.5628034
0.3739987 1.196249 0.7943842 1.089826 -0.569782
0.3749987 1.197336 0.7938109 1.08439 -0.5767255
0.3759987 1.198417 0.7932307 1.078982 -0.5836345
0.3769987 1.199494 0.7926436 1.0736 -0.590509
0.3779987 1.200565 0.7920498 1.068246 -0.5973493
0.3789987 1.20163 0.791449 1.062918 -0.6041554
0.3799987 1.20269 0.7908415 1.057617 -0.6109278
0.3809986 1.203745 0.7902271 1.052342 -0.6176659
0.3819986 1.204795 0.7896062 1.047093 -0.6243709
0.3829986 1.20584 0.7889784 1.041871 -0.6310422
0.3839986 1.206879 0.7883441 1.036675 -0.6376804
0.3849986 1.207913 0.7877031 1.031505 -0.6442852
0.3859986 1.208942 0.7870556 1.02636 -0.6508574
0.3869986 1.209965 0.7864015 1.021241 -0.6573967
0.3879986 1.210984 0.7857408 1.016147 -0.6639034
0.3889985 1.211998 0.7850736 1.01108 -0.6703774
0.3899985 1.213006 0.7844 1.006037 -0.6768195
0.3909985 1.21401 0.78372 1.001019 -0.6832291
0.3919985 1.215008 0.7830336 0.9960266 -0.6896071
0.3929985 1.216002 0.7823408 0.9910591 -0.695953
0.3939985 1.21699 0.7816418 0.9861162 -0.7022674
0.3949985 1.217974 0.7809363 0.981198 -0.7085502
0.3959984 1.218953 0.7802247 0.9763042 -0.7148018
0.3969984 1.219927 0.7795067 0.971435 -0.7210221
0.3979984 1.220896 0.7787827 0.96659 -0.7272114
0.3989984 1.22186 0.7780523 0.9617693 -0.7333698
0.3999984 1.222819 0.7773159 0.9569725 -0.7394976
0.4009984 1.223774 0.7765734 0.9521995 -0.7455949
0.4019984 1.224724 0.7758248 0.9474505 -0.7516615
0.4029984 1.225669 0.7750701 0.9427252 -0.7576979
0.4039983 1.226609 0.7743094 0.9380234 -0.7637044
0.4049983 1.227545 0.7735428 0.933345 -0.769681
0.4059983 1.228476 0.7727701 0.9286899 -0.7756277
0.4069983 1.229402 0.7719915 0.9240582 -0.7815445
0.4079983 1.230324 0.771207 0.9194496 -0.787432
0.4089983 1.231241 0.7704167 0.9148636 -0.7932903
0.4099983 1.232154 0.7696205 0.9103009 -0.799119
0.4109983 1.233062 0.7688184 0.9057609 -0.8049188
0.4119982 1.233965 0.7680107 0.9012434 -0.8106896
0.4129982 1.234864 0.7671971 0.8967484 -0.8164319
0.4139982 1.235759 0.7663778 0.892276 -0.8221453
0.4149982 1.236649 0.7655529 0.8878258 -0.8278303
0.4159982 1.237534 0.7647222 0.8833979 -0.8334868
0.4169982 1.238415 0.7638859 0.8789918 -0.8391154
0.4179982 1.239292 0.763044 0.8746079 -0.8447157
0.4189982 1.240165 0.7621965 0.8702459 -0.850288
0.4199981 1.241033 0.7613434 0.8659056 -0.8558326
0.4209981 1.241896 0.7604849 0.8615868 -0.8613498
0.4219981 1.242756 0.7596208 0.8572897 -0.8668391
0.4229981 1.243611 0.7587512 0.8530141 -0.8723011
0.4239981 1.244462 0.7578762 0.8487598 -0.8777359
0.4249981 1.245308 0.7569958 0.8445265 -0.8831437
0.4259981 1.246151 0.75611 0.8403145 -0.8885245
0.426998 1.246989 0.7552187 0.8361235 -0.8938783
0.427998 1.247823 0.7543222 0.8319535 -0.8992054
0.428998 1.248653 0.7534204 0.827804 -0.9045063
0.429998 1.249479 0.7525133 0.8236754 -0.9097804
0.430998 1.2503 0.7516009 0.8195674 -0.9150283
0.431998 1.251118 0.7506832 0.8154799 -0.9202499
0.432998 1.251931 0.7497604 0.8114126 -0.9254459
0.433998 1.252741 0.7488324 0.8073657 -0.9306155
0.4349979 1.253546 0.7478992 0.8033391 -0.9357595
0.4359979 1.254347 0.7469609 0.7993325 -0.9408777
0.4369979 1.255145 0.7460175 0.7953457 -0.9459707
0.4379979 1.255938 0.745069 0.791379 -0.9510381
0.4389979 1.256727 0.7441154 0.7874321 -0.9560801
0.4399979 1.257513 0.7431569 0.7835048 -0.961097
0.4409979 1.258294 0.7421933 0.779597 -0.9660892
0.4419979 1.259072 0.7412247 0.7757089 -0.9710562
0.4429978 1.259846 0.7402512 0.7718401 -0.9759984
0.4439978 1.260616 0.7392727 0.7679906 -0.980916
0.4449978 1.261382 0.7382894 0.7641602 -0.9858093
0.4459978 1.262144 0.7373012 0.760349 -0.9906779
0.4469978 1.262902 0.736308 0.7565569 -0.9955223
0.4479978 1.263657 0.7353101 0.7527836 -1.000342
0.4489978 1.264408 0.7343075 0.749029 -1.005139
0.4499978 1.265155 0.7332999 0.7452933 -1.009911
0.4509977 1.265898 0.7322876 0.7415762 -1.01466
0.4519977 1.266638 0.7312706 0.7378776 -1.019384
0.4529977 1.267374 0.7302489 0.7341974 -1.024086
0.4539977 1.268107 0.7292225 0.7305356 -1.028764
0.4549977 1.268835 0.7281914 0.7268922 -1.033418
0.4559977 1.26956 0.7271557 0.7232669 -1.038049
0.4569977 1.270282 0.7261153 0.7196595 -1.042657
0.4579976 1.271 0.7250704 0.7160703 -1.047243
0.4589976 1.271714 0.7240209 0.7124989 -1.051805
0.4599976 1.272425 0.7229668 0.7089454 -1.056344
0.4609976 1.273132 0.7219083 0.7054095 -1.060861
0.4619976 1.273835 0.7208452 0.7018913 -1.065356
0.4629976 1.274536 0.7197776 0.6983907 -1.069828
0.4639976 1.275232 0.7187055 0.6949075 -1.074277
0.4649976 1.275925 0.7176291 0.6914416 -1.078705
0.4659975 1.276615 0.7165481 0.6879931 -1.08311
0.4669975 1.277301 0.7154629 0.6845618 -1.087494
0.4679975 1.277984 0.7143732 0.6811476 -1.091855
0.4689975 1.278664 0.7132792 0.6777503 -1.096195
0.4699975 1.27934 0.7121809 0.6743701 -1.100513
0.4709975 1.280012 0.7110782 0.6710068 -1.10481
0.4719975 1.280682 0.7099712 0.6676602 -1.109085
0.4729975 1.281348 0.70886 0.6643301 -1.113339
0.4739974 1.28201 0.7077446 0.6610169 -1.117572
0.4749974 1.28267 0.7066249 0.6577201 -1.121783
0.4759974 1.283326 0.7055011 0.6544398 -1.125974
0.4769974 1.283979 0.7043731 0.6511757 -1.130143
0.4779974 1.284628 0.7032408 0.647928 -1.134292
0.4789974 1.285274 0.7021044 0.6446965 -1.13842
0.4799974 1.285918 0.700964 0.6414812 -1.142528
0.4809974 1.286557 0.6998195 0.6382817 -1.146615
0.4819973 1.287194 0.6986708 0.6350983 -1.150682
0.4829973 1.287828 0.6975181 0.6319308 -1.154728
0.4839973 1.288458 0.6963614 0.6287792 -1.158754
0.4849973 1.289085 0.6952007 0.625643 -1.162761
0.4859973 1.289709 0.6940359 0.6225227 -1.166747
0.4869973 1.29033 0.6928672 0.6194179 -1.170713
0.4879973 1.290948 0.6916945 0.6163287 -1.174659
0.4889973 1.291563 0.690518 0.6132547 -1.178586
0.4899972 1.292174 0.6893374 0.6101961 -1.182494
0.4909972 1.292783 0.688153 0.6071528 -1.186381
0.4919972 1.293389 0.6869647 0.6041247 -1.19025
0.4929972 1.293991 0.6857725 0.6011115 -1.194099
0.4939972 1.294591 0.6845765 0.5981135 -1.197929
0.4949972 1.295188 0.6833767 0.5951305 -1.201739
0.4959972 1.295781 0.6821731 0.5921624 -1.205531
0.4969971 1.296372 0.6809657 0.5892089 -1.209304
0.4979971 1.29696 0.6797545 0.5862702 -1.213058
0.4989971 1.297544 0.6785396 0.5833463 -1.216793
0.4999971 1.298126 0.677321 0.5804369 -1.22051
0.5009971 1.298705 0.6760986 0.5775419 -1.224208
0.5019971 1.299281 0.6748725 0.5746615 -1.227888
0.5029971 1.299855 0.6736429 0.5717953 -1.231549
0.5039971 1.300425 0.6724095 0.5689435 -1.235192
0.5049971 1.300992 0.6711725 0.566106 -1.238817
0.5059971 1.301557 0.6699319 0.5632824 -1.242424
0.506997 1.302119 0.6686877 0.5604731 -1.246013
0.507997 1.302678 0.6674399 0.5576778 -1.249584
0.508997 1.303234 0.6661885 0.5548965 -1.253137
0.509997 1.303788 0.6649336 0.552129 -1.256673
0.510997 1.304339 0.6636752 0.5493752 -1.26019
0.511997 1.304887 0.6624133 0.5466352 -1.263691
0.512997 1.305432 0.6611479 0.5439089 -1.267173
0.513997 1.305974 0.659879 0.5411961 -1.270639
0.5149969 1.306514 0.6586066 0.538497 -1.274087
0.5159969 1.307052 0.6573309 0.5358112 -1.277518
0.5169969 1.307586 0.6560516 0.5331389 -1.280932
0.5179969 1.308118 0.6547691 0.5304799 -1.284328
0.5189969 1.308647 0.653483 0.5278341 -1.287708
0.5199969 1.309173 0.6521937 0.5252016 -1.291071
0.5209969 1.309697 0.650901 0.5225822 -1.294418
0.5219969 1.310219 0.6496049 0.5199757 -1.297747
0.5229968 1.310737 0.6483055 0.5173824 -1.30106
0.5239968 1.311253 0.6470028 0.514802 -1.304356
0.5249968 1.311767 0.6456968 0.5122345 -1.307636
0.5259968 1.312278 0.6443875 0.5096798 -1.3109
0.5269968 1.312786 0.643075 0.5071377 -1.314147
0.5279968 1.313292 0.6417593 0.5046084 -1.317379
0.5289968 1.313795 0.6404403 0.5020917 -1.320593
0.5299968 1.314296 0.6391182 0.4995875 -1.323793
0.5309967 1.314795 0.6377928 0.4970959 -1.326976
0.5319967 1.31529 0.6364642 0.4946166 -1.330143
0.5329967 1.315784 0.6351326 0.4921498 -1.333294
0.5339967 1.316275 0.6337977 0.4896952 -1.33643
0.5349967 1.316763 0.6324597 0.4872528 -1.33955
0.5359967 1.317249 0.6311187 0.4848227 -1.342654
0.5369967 1.317733 0.6297745 0.4824047 -1.345743
0.5379966 1.318214 0.6284272 0.4799986 -1.348817
0.5389966 1.318693 0.6270769 0.4776047 -1.351875
0.5399966 1.319169 0.6257235 0.4752226 -1.354918
0.5409966 1.319643 0.6243671 0.4728526 -1.357946
0.5419966 1.320115 0.6230076 0.4704942 -1.360958
0.5429966 1.320584 0.6216452 0.4681476 -1.363956
0.5439966 1.321051 0.6202798 0.4658127 -1.366939
0.5449966 1.321516 0.6189113 0.4634895 -1.369907
0.5459965 1.321978 0.61754 0.4611778 -1.37286
0.5469965 1.322438 0.6161657 0.4588778 -1.375798
0.5479965 1.322896 0.6147884 0.4565892 -1.378722
0.5489965 1.323351 0.6134083 0.454312 -1.381631
0.5499965 1.323804 0.6120252 0.4520462 -1.384525
0.5509965 1.324255 0.6106393 0.4497915 -1.387405
0.5519965 1.324704 0.6092504 0.4475482 -1.390271
0.5529965 1.32515 0.6078588 0.4453161 -1.393123
0.5539964 1.325595 0.6064643 0.443095 -1.39596
0.5549964 1.326037 0.6050669 0.4408851 -1.398783
0.5559964 1.326476 0.6036667 0.4386863 -1.401592
0.5569964 1.326914 0.6022637 0.4364983 -1.404387
0.5579964 1.327349 0.600858 0.4343214 -1.407168
0.5589964 1.327783 0.5994495 0.4321551 -1.409935
0.5599964 1.328214 0.5980381 0.4299998 -1.412689
0.5609964 1.328643 0.5966241 0.4278552 -1.415428
0.5619963 1.329069 0.5952073 0.4257212 -1.418154
0.5629963 1.329494 0.5937878 0.423598 -1.420867
0.5639963 1.329917 0.5923656 0.4214853 -1.423566
0.5649963 1.330337 0.5909407 0.4193832 -1.426251
0.5659963 1.330755 0.5895132 0.4172916 -1.428923
0.5669963 1.331172 0.588083 0.4152103 -1.431582
0.5679963 1.331586 0.5866501 0.4131395 -1.434227
0.5689963 1.331998 0.5852145 0.411079 -1.436859
0.5699962 1.332408 0.5837764 0.4090287 -1.439479
0.5709962 1.332816 0.5823356 0.4069887 -1.442085
0.5719962 1.333222 0.5808923 0.4049589 -1.444678
0.5729962 1.333626 0.5794463 0.4029392 -1.447258
0.5739962 1.334028 0.5779977 0.4009296 -1.449825
0.5749962 1.334428 0.5765467 0.3989299 -1.45238
0.5759962 1.334826 0.575093 0.3969403 -1.454921
0.5769961 1.335222 0.5736369 0.3949606 -1.45745
0.5779961 1.335616 0.5721782 0.3929906 -1.459967
0.5789961 1.336008 0.570717 0.3910306 -1.462471
0.5799961 1.336398 0.5692533 0.3890804 -1.464962
0.5809961 1.336786 0.5677871 0.3871399 -1.467441
0.5819961 1.337172 0.5663185 0.3852091 -1.469907
0.5829961 1.337556 0.5648474 0.3832878 -1.472362
0.5839961 1.337939 0.5633738 0.3813762 -1.474804
0.584996 1.338319 0.5618978 0.3794741 -1.477234
0.585996 1.338697 0.5604194 0.3775814 -1.479651
0.586996 1.339074 0.5589385 0.3756983 -1.482057
0.587996 1.339449 0.5574553 0.3738245 -1.484451
0.588996 1.339822 0.5559697 0.3719601 -1.486832
0.589996 1.340193 0.5544816 0.370105 -1.489202
0.590996 1.340562 0.5529913 0.3682591 -1.491561
0.591996 1.340929 0.5514986 0.3664224 -1.493907
0.5929959 1.341295 0.5500035 0.3645949 -1.496241
0.5939959 1.341658 0.5485061 0.3627765 -1.498564
0.5949959 1.34202 0.5470064 0.3609671 -1.500876
0.5959959 1.34238 0.5455045 0.3591669 -1.503175
0.5969959 1.342739 0.5440001 0.3573755 -1.505464
0.5979959 1.343095 0.5424935 0.3555932 -1.507741
0.5989959 1.34345 0.5409847 0.3538196 -1.510007
0.5999959 1.343803 0.5394736 0.352055 -1.512261
0.6009958 1.344154 0.5379602 0.3502991 -1.514504
0.6019958 1.344503 0.5364446 0.348552 -1.516736
0.6029958 1.344851 0.5349268 0.3468136 -1.518956
0.6039958 1.345197 0.5334067 0.3450839 -1.521166
0.6049958 1.345541 0.5318845 0.3433628 -1.523365
0.6059958 1.345884 0.53036 0.3416503 -1.525552
0.6069958 1.346225 0.5288334 0.3399463 -1.527729
0.6079957 1.346564 0.5273046 0.3382508 -1.529895
0.6089957 1.346901 0.5257736 0.3365639 -1.53205
0.6099957 1.347237 0.5242406 0.3348852 -1.534195
0.6109957 1.347571 0.5227053 0.333215 -1.536328
0.6119957 1.347903 0.5211679 0.3315532 -1.538451
0.6129957 1.348234 0.5196285 0.3298995 -1.540564
0.6139957 1.348563 0.5180869 0.3282542 -1.542665
0.6149957 1.34889 0.5165432 0.326617 -1.544757
0.6159956 1.349216 0.5149974 0.324988 -1.546838
0.6169956 1.34954 0.5134495 0.3233672 -1.548909
0.6179956 1.349863 0.5118997 0.3217543 -1.550969
0.6189956 1.350184 0.5103477 0.3201496 -1.553019
0.6199956 1.350503 0.5087937 0.3185529 -1.555059
0.6209956 1.350821 0.5072376 0.3169642 -1.557088
0.6219956 1.351137 0.5056795 0.3153833 -1.559108
0.6229956 1.351452 0.5041194 0.3138103 -1.561117
0.6239955 1.351765 0.5025573 0.3122452 -1.563116
0.6249955 1.352076 0.5009932 0.3106879 -1.565106
0.6259955 1.352386 0.4994272 0.3091384 -1.567085
0.6269955 1.352694 0.4978591 0.3075965 -1.569055
0.6279955 1.353001 0.4962891 0.3060625 -1.571015
0.6289955 1.353307 0.4947171 0.304536 -1.572965
0.6299955 1.35361 0.4931432 0.3030171 -1.574905
0.6309955 1.353913 0.4915673 0.3015058 -1.576836
0.6319954 1.354213 0.4899896 0.3000021 -1.578757
0.6329954 1.354513 0.4884099 0.2985058 -1.580668
0.6339954 1.35481 0.4868283 0.297017 -1.58257
0.6349954 1.355107 0.4852448 0.2955357 -1.584462
0.6359954 1.355401 0.4836594 0.2940617 -1.586345
0.6369954 1.355695 0.4820721 0.2925951 -1.588219
0.6379954 1.355987 0.480483 0.2911358 -1.590083
0.6389953 1.356277 0.478892 0.2896837 -1.591938
0.6399953 1.356566 0.4772992 0.288239 -1.593784
0.6409953 1.356853 0.4757045 0.2868014 -1.59562
0.6419953 1.35714 0.474108 0.2853709 -1.597448
0.6429953 1.357424 0.4725097 0.2839477 -1.599266
0.6439953 1.357708 0.4709095 0.2825315 -1.601075
0.6449953 1.357989 0.4693075 0.2811224 -1.602875
0.6459953 1.35827 0.4677038 0.2797204 -1.604666
0.6469952 1.358549 0.4660982 0.2783252 -1.606448
0.6479952 1.358826 0.4644909 0.2769371 -1.608222
0.6489952 1.359103 0.4628818 0.2755559 -1.609986
0.6499952 1.359378 0.461271 0.2741815 -1.611742
0.6509952 1.359651 0.4596584 0.2728141 -1.613489
0.6519952 1.359923 0.4580441 0.2714534 -1.615227
0.6529952 1.360194 0.456428 0.2700996 -1.616956
0.6539952 1.360463 0.4548102 0.2687525 -1.618677
0.6549951 1.360731 0.4531907 0.2674121 -1.620389
0.6559951 1.360998 0.4515695 0.2660784 -1.622093
0.6569951 1.361264 0.4499466 0.2647513 -1.623788
0.6579951 1.361528 0.4483219 0.2634309 -1.625475
0.6589951 1.36179 0.4466957 0.262117 -1.627154
0.6599951 1.362052 0.4450677 0.2608097 -1.628824
0.6609951 1.362312 0.443438 0.259509 -1.630485
0.6619951 1.362571 0.4418067 0.2582147 -1.632139
0.662995 1.362828 0.4401738 0.2569268 -1.633784
0.663995 1.363085 0.4385392 0.2556454 -1.635421
0.664995 1.36334 0.436903 0.2543704 -1.63705
0.665995 1.363593 0.4352652 0.2531017 -1.63867
0.666995 1.363846 0.4336257 0.2518394 -1.640283
0.667995 1.364097 0.4319846 0.2505834 -1.641888
0.668995 1.364347 0.430342 0.2493336 -1.643484
0.669995 1.364596 0.4286977 0.2480901 -1.645073
0.6709949 1.364843 0.4270519 0.2468527 -1.646653
0.6719949 1.365089 0.4254045 0.2456216 -1.648226
0.6729949 1.365335 0.4237555 0.2443965 -1.649791
0.6739949 1.365578 0.4221049 0.2431776 -1.651348
0.6749949 1.365821 0.4204528 0.2419648 -1.652898
0.6759949 1.366062 0.4187992 0.240758 -1.654439
0.6769949 1.366302 0.417144 0.2395572 -1.655973
0.6779948 1.366541 0.4154873 0.2383625 -1.657499
0.6789948 1.366779 0.413829 0.2371736 -1.659018
0.6799948 1.367016 0.4121693 0.2359907 -1.660529
0.6809948 1.367251 0.410508 0.2348137 -1.662033
0.6819948 1.367485 0.4088453 0.2336426 -1.663529
0.6829948 1.367718 0.407181 0.2324773 -1.665017
0.6839948 1.36795 0.4055153 0.2313178 -1.666499
0.6849948 1.368181 0.4038481 0.2301642 -1.667972
0.6859947 1.36841 0.4021794 0.2290163 -1.669439
0.6869947 1.368639 0.4005092 0.227874 -1.670898
0.6879947 1.368866 0.3988376 0.2267375 -1.67235
0.6889947 1.369092 0.3971646 0.2256067 -1.673795
0.6899947 1.369318 0.3954901 0.2244814 -1.675232
0.6909947 1.369541 0.3938141 0.2233618 -1.676662
0.6919947 1.369764 0.3921368 0.2222479 -1.678085
0.6929947 1.369986 0.390458 0.2211394 -1.679501
0.6939946 1.370206 0.3887778 0.2200365 -1.68091
0.6949946 1.370426 0.3870963 0.2189391 -1.682312
0.6959946 1.370644 0.3854133 0.2178471 -1.683707
0.6969946 1.370862 0.3837289 0.2167606 -1.685095
0.6979946 1.371078 0.3820431 0.2156795 -1.686476
0.6989946 1.371293 0.380356 0.2146038 -1.68785
0.6999946 1.371507 0.3786675 0.2135335 -1.689218
0.7009946 1.37172 0.3769776 0.2124685 -1.690578
0.7019945 1.371932 0.3752863 0.2114089 -1.691932
0.7029945 1.372143 0.3735938 0.2103544 -1.693279
0.7039945 1.372353 0.3718998 0.2093053 -1.694619
0.7049945 1.372561 0.3702046 0.2082614 -1.695953
0.7059945 1.372769 0.368508 0.2072227 -1.697279
0.7069945 1.372976 0.3668101 0.2061892 -1.6986
0.7079945 1.373182 0.3651108 0.2051608 -1.699913
0.7089944 1.373386 0.3634103 0.2041376 -1.701221
0.7099944 1.37359 0.3617084 0.2031195 -1.702521
0.7109944 1.373793 0.3600053 0.2021064 -1.703815
0.7119944 1.373994 0.3583008 0.2010984 -1.705103
0.7129944 1.374195 0.3565951 0.2000955 -1.706384
0.7139944 1.374394 0.3548881 0.1990975 -1.707659
0.7149944 1.374593 0.3531799 0.1981045 -1.708928
0.7159944 1.37479 0.3514703 0.1971165 -1.71019
0.7169943 1.374987 0.3497595 0.1961334 -1.711446
0.7179943 1.375183 0.3480475 0.1951552 -1.712695
0.7189943 1.375377 0.3463342 0.1941818 -1.713939
0.7199943 1.375571 0.3446196 0.1932133 -1.715176
0.7209943 1.375764 0.3429039 0.1922497 -1.716407
0.7219943 1.375956 0.3411869 0.1912909 -1.717632
0.7229943 1.376146 0.3394687 0.1903368 -1.718851
0.7239943 1.376336 0.3377492 0.1893875 -1.720063
0.7249942 1.376525 0.3360286 0.188443 -1.72127
0.7259942 1.376713 0.3343067 0.1875031 -1.722471
0.7269942 1.3769 0.3325837 0.1865679 -1.723665
0.7279942 1.377086 0.3308595 0.1856374 -1.724854
0.7289942 1.377271 0.329134 0.1847116 -1.726037
0.7299942 1.377456 0.3274074 0.1837903 -1.727214
0.7309942 1.377639 0.3256796 0.1828737 -1.728385
0.7319942 1.377821 0.3239507 0.1819616 -1.72955
0.7329941 1.378003 0.3222206 0.1810541 -1.730709
0.7339941 1.378183 0.3204893 0.1801511 -1.731863
0.7349941 1.378363 0.3187569 0.1792526 -1.73301
0.7359941 1.378542 0.3170233 0.1783586 -1.734152
0.7369941 1.37872 0.3152886 0.177469 -1.735289
0.7379941 1.378897 0.3135528 0.1765839 -1.73642
0.7389941 1.379073 0.3118159 0.1757032 -1.737545
0.739994 1.379248 0.3100778 0.1748269 -1.738664
0.740994 1.379423 0.3083386 0.173955 -1.739778
0.741994 1.379596 0.3065982 0.1730874 -1.740886
0.742994 1.379769 0.3048568 0.1722241 -1.741989
0.743994 1.379941 0.3031143 0.1713651 -1.743086
0.744994 1.380112 0.3013707 0.1705105 -1.744178
0.745994 1.380282 0.299626 0.16966 -1.745265
0.746994 1.380451 0.2978802 0.1688139 -1.746346
0.7479939 1.380619 0.2961334 0.1679719 -1.747421
0.7489939 1.380787 0.2943854 0.1671342 -1.748491
0.7499939 1.380954 0.2926364 0.1663006 -1.749556
0.7509939 1.381119 0.2908864 0.1654712 -1.750616
0.7519939 1.381285 0.2891352 0.1646459 -1.75167
0.7529939 1.381449 0.2873831 0.1638247 -1.752719
0.7539939 1.381612 0.2856299 0.1630076 -1.753763
0.7549939 1.381775 0.2838756 0.1621947 -1.754801
0.7559938 1.381937 0.2821203 0.1613857 -1.755835
0.7569938 1.382098 0.280364 0.1605808 -1.756863
0.7579938 1.382258 0.2786066 0.15978 -1.757886
0.7589938 1.382417 0.2768483 0.158983 -1.758904
0.7599938 1.382576 0.2750889 0.1581901 -1.759917
0.7609938 1.382734 0.2733285 0.1574012 -1.760925
0.7619938 1.382891 0.2715671 0.1566161 -1.761928
0.7629938 1.383047 0.2698047 0.155835 -1.762926
0.7639937 1.383202 0.2680413 0.1550578 -1.763919
0.7649937 1.383357 0.2662769 0.1542844 -1.764906
0.7659937 1.383511 0.2645115 0.153515 -1.765889
0.7669937 1.383664 0.2627451 0.1527493 -1.766868
0.7679937 1.383816 0.2609778 0.1519875 -1.767841
0.7689937 1.383968 0.2592095 0.1512295 -1.768809
0.7699937 1.384119 0.2574402 0.1504752 -1.769773
0.7709936 1.384269 0.25567 0.1497247 -1.770731
0.7719936 1.384418 0.2538988 0.148978 -1.771685
0.7729936 1.384567 0.2521267 0.1482349 -1.772635
0.7739936 1.384715 0.2503536 0.1474956 -1.773579
0.7749936 1.384862 0.2485796 0.14676 -1.774519
0.7759936 1.385008 0.2468046 0.146028 -1.775454
0.7769936 1.385154 0.2450287 0.1452997 -1.776384
0.7779936 1.385299 0.2432519 0.144575 -1.77731
0.7789935 1.385443 0.2414741 0.143854 -1.778231
0.7799935 1.385587 0.2396955 0.1431365 -1.779148
0.7809935 1.385729 0.2379159 0.1424227 -1.780059
0.7819935 1.385871 0.2361354 0.1417123 -1.780967
0.7829935 1.386013 0.234354 0.1410055 -1.78187
0.7839935 1.386153 0.2325717 0.1403023 -1.782768
0.7849935 1.386293 0.2307885 0.1396025 -1.783662
0.7859935 1.386433 0.2290044 0.1389062 -1.784552
0.7869934 1.386571 0.2272195 0.1382135 -1.785437
0.7879934 1.386709 0.2254336 0.1375241 -1.786317
0.7889934 1.386846 0.2236469 0.1368383 -1.787193
0.7899934 1.386983 0.2218593 0.1361558 -1.788065
0.7909934 1.387118 0.2200708 0.1354767 -1.788933
0.7919934 1.387254 0.2182814 0.134801 -1.789796
0.7929934 1.387388 0.2164913 0.1341287 -1.790655
0.7939934 1.387522 0.2147002 0.1334597 -1.791509
0.7949933 1.387655 0.2129083 0.1327941 -1.79236
0.7959933 1.387787 0.2111155 0.1321318 -1.793206
0.7969933 1.387919 0.2093219 0.1314728 -1.794048
0.7979933 1.38805 0.2075275 0.1308171 -1.794885
0.7989933 1.388181 0.2057322 0.1301646 -1.795719
0.7999933 1.388311 0.2039361 0.1295155 -1.796548
0.8009933 1.38844 0.2021391 0.1288695 -1.797373
0.8019933 1.388568 0.2003414 0.1282268 -1.798194
0.8029932 1.388696 0.1985428 0.1275873 -1.799011
0.8039932 1.388824 0.1967434 0.1269509 -1.799824
0.8049932 1.38895 0.1949432 0.1263177 -1.800633
0.8059932 1.389076 0.1931422 0.1256877 -1.801438
0.8069932 1.389202 0.1913404 0.1250609 -1.802239
0.8079932 1.389326 0.1895377 0.1244372 -1.803035
0.8089932 1.38945 0.1877344 0.1238165 -1.803828
0.8099931 1.389574 0.1859301 0.123199 -1.804617
0.8109931 1.389697 0.1841252 0.1225846 -1.805402
0.8119931 1.389819 0.1823194 0.1219731 -1.806183
0.8129931 1.389941 0.1805128 0.1213648 -1.80696
0.8139931 1.390062 0.1787055 0.1207595 -1.807733
0.8149931 1.390182 0.1768974 0.1201572 -1.808503
0.8159931 1.390302 0.1750886 0.1195579 -1.809268
0.8169931 1.390421 0.1732789 0.1189617 -1.81003
0.817993 1.39054 0.1714686 0.1183683 -1.810788
0.818993 1.390658 0.1696574 0.117778 -1.811542
0.819993 1.390776 0.1678455 0.1171906 -1.812293
0.820993 1.390893 0.1660329 0.1166061 -1.813039
0.821993 1.391009 0.1642195 0.1160245 -1.813782
0.822993 1.391125 0.1624054 0.1154459 -1.814522
0.823993 1.39124 0.1605905 0.1148701 -1.815257
0.824993 1.391354 0.1587749 0.1142972 -1.815989
0.8259929 1.391468 0.1569586 0.1137271 -1.816717
0.8269929 1.391582 0.1551415 0.1131599 -1.817442
0.8279929 1.391695 0.1533237 0.1125955 -1.818163
0.8289929 1.391807 0.1515052 0.1120339 -1.81888
0.8299929 1.391919 0.149686 0.1114752 -1.819594
0.8309929 1.39203 0.1478661 0.1109192 -1.820304
0.8319929 1.392141 0.1460455 0.110366 -1.821011
0.8329929 1.392251 0.1442241 0.1098156 -1.821714
0.8339928 1.39236 0.1424021 0.1092679 -1.822414
0.8349928 1.392469 0.1405793 0.1087229 -1.82311
0.8359928 1.392578 0.1387559 0.1081806 -1.823803
0.8369928 1.392686 0.1369318 0.1076411 -1.824492
0.8379928 1.392793 0.135107 0.1071043 -1.825178
0.8389928 1.3929 0.1332815 0.1065701 -1.82586
0.8399928 1.393006 0.1314553 0.1060386 -1.826539
0.8409927 1.393112 0.1296284 0.1055097 -1.827215
0.8419927 1.393217 0.1278009 0.1049835 -1.827887
0.8429927 1.393322 0.1259727 0.1044599 -1.828556
0.8439927 1.393426 0.1241438 0.1039389 -1.829221
0.8449927 1.39353 0.1223143 0.1034205 -1.829884
0.8459927 1.393633 0.1204841 0.1029047 -1.830542
0.8469927 1.393736 0.1186533 0.1023914 -1.831198
0.8479927 1.393838 0.1168218 0.1018808 -1.831851
0.8489926 1.393939 0.1149896 0.1013727 -1.8325
0.8499926 1.39404 0.1131568 0.100867 -1.833145
0.8509926 1.394141 0.1113234 0.100364 -1.833788
0.8519926 1.394241 0.1094893 0.09986342 -1.834428
0.8529926 1.394341 0.1076546 0.09936535 -1.835064
0.8539926 1.39444 0.1058192 0.09886979 -1.835697
0.8549926 1.394538 0.1039832 0.09837667 -1.836327
0.8559926 1.394637 0.1021466 0.09788605 -1.836954
0.8569925 1.394734 0.1003094 0.09739783 -1.837577
0.8579925 1.394831 0.09847151 0.09691204 -1.838198
0.8589925 1.394928 0.09663302 0.09642873 -1.838815
0.8599925 1.395024 0.09479392 0.09594777 -1.83943
0.8609925 1.39512 0.09295422 0.09546922 -1.840041
0.8619925 1.395215 0.09111389 0.0949931 -1.840649
0.8629925 1.39531 0.08927296 0.09451931 -1.841254
0.8639925 1.395404 0.08743144 0.09404789 -1.841857
0.8649924 1.395498 0.0855893 0.09357885 -1.842456
0.8659924 1.395591 0.08374657 0.09311212 -1.843052
0.8669924 1.395684 0.08190324 0.09264775 -1.843645
0.8679924 1.395777 0.08005933 0.09218565 -1.844236
0.8689924 1.395869 0.07821482 0.09172587 -1.844823
0.8699924 1.39596 0.07636973 0.09126841 -1.845407
0.8709924 1.396051 0.07452405 0.0908132 -1.845989
0.8719923 1.396142 0.07267779 0.09036031 -1.846568
0.8729923 1.396232 0.07083096 0.08990962 -1.847143
0.8739923 1.396322 0.06898356 0.08946119 -1.847716
0.8749923 1.396411 0.06713558 0.08901503 -1.848286
0.8759923 1.3965 0.06528704 0.08857105 -1.848853
0.8769923 1.396588 0.06343793 0.08812929 -1.849418
0.8779923 1.396676 0.06158825 0.08768978 -1.849979
0.8789923 1.396763 0.05973802 0.08725242 -1.850538
0.8799922 1.39685 0.05788723 0.08681723 -1.851094
0.8809922 1.396937 0.05603587 0.08638426 -1.851647
0.8819922 1.397023 0.05418398 0.0859534 -1.852197
0.8829922 1.397109 0.05233153 0.08552475 -1.852745
0.8839922 1.397194 0.05047854 0.08509818 -1.85329
0.8849922 1.397279 0.048625 0.08467374 -1.853832
0.8859922 1.397363 0.04677092 0.08425146 -1.854371
0.8869922 1.397447 0.04491631 0.08383124 -1.854908
0.8879921 1.397531 0.04306115 0.08341316 -1.855442
0.8889921 1.397614 0.04120547 0.08299712 -1.855974
0.8899921 1.397697 0.03934926 0.08258317 -1.856503
0.8909921 1.397779 0.03749251 0.08217131 -1.857029
0.8919921 1.397861 0.03563525 0.08176147 -1.857552
0.8929921 1.397943 0.03377746 0.08135367 -1.858073
0.8939921 1.398024 0.03191914 0.08094795 -1.858592
0.8949921 1.398105 0.03006032 0.08054421 -1.859107
0.895992 1.398185 0.02820099 0.08014248 -1.85962
0.896992 1.398265 0.02634113 0.0797428 -1.860131
0.897992 1.398345 0.02448077 0.07934508 -1.860639
0.898992 1.398424 0.0226199 0.07894937 -1.861145
0.899992 1.398503 0.02075853 0.0785556 -1.861648
0.900992 1.398581 0.01889666 0.07816379 -1.862148
0.901992 1.398659 0.01703428 0.07777398 -1.862646
0.902992 1.398737 0.01517141 0.07738607 -1.863142
0.9039919 1.398814 0.01330804 0.07700013 -1.863635
0.9049919 1.398891 0.01144419 0.07661608 -1.864125
0.9059919 1.398967 0.009579846 0.07623395 -1.864614
0.9069919 1.399043 0.007715008 0.07585377 -1.865099
0.9079919 1.399119 0.005849695 0.07547543 -1.865582
0.9089919 1.399194 0.003983899 0.07509898 -1.866063
0.9099919 1.399269 0.002117616 0.07472445 -1.866542
