0 0 0 7.071069 7.071066
0.001 0.007071069 0.007066162 7.071069 7.061256
0.002 0.01414214 0.01412251 7.071069 7.051446
0.003 0.02121321 0.02116906 7.071069 7.041636
0.004 0.02828428 0.02820579 7.071069 7.031826
0.005 0.03535535 0.03523271 7.071069 7.022017
0.006000001 0.04242641 0.04224982 7.071069 7.012207
0.007000001 0.04949749 0.04925713 7.071069 7.002397
0.008 0.05656855 0.05625461 7.071069 6.992587
0.009000001 0.06363963 0.0632423 7.071069 6.982776
0.01 0.0707107 0.07022016 7.071069 6.972966
0.011 0.07778176 0.07718823 7.071069 6.963156
0.012 0.08485283 0.08414648 7.071069 6.953346
0.013 0.0919239 0.09109493 7.071069 6.943536
0.014 0.09899497 0.09803356 7.071069 6.933726
0.015 0.106066 0.1049624 7.071069 6.923916
0.016 0.1131371 0.1118814 7.071069 6.914106
0.017 0.1202082 0.1187906 7.071069 6.904296
0.018 0.1272793 0.12569 7.071069 6.894486
0.019 0.1343503 0.1325796 7.071069 6.884676
0.02 0.1414214 0.1394593 7.071069 6.874866
0.021 0.1484925 0.1463293 7.071069 6.865057
0.022 0.1555635 0.1531895 7.071069 6.855247
0.023 0.1626346 0.1600398 7.071069 6.845437
0.024 0.1697057 0.1668803 7.071069 6.835626
0.025 0.1767767 0.173711 7.071069 6.825816
0.026 0.1838478 0.180532 7.071069 6.816006
0.027 0.1909189 0.1873431 7.071069 6.806196
0.028 0.1979899 0.1941444 7.071069 6.796386
0.029 0.205061 0.2009358 7.071069 6.786576
0.03 0.2121321 0.2077175 7.071069 6.776766
0.031 0.2192032 0.2144894 7.071069 6.766956
0.032 0.2262742 0.2212514 7.071069 6.757146
0.033 0.2333453 0.2280037 7.071069 6.747336
0.034 0.2404163 0.2347461 7.071069 6.737526
0.035 0.2474874 0.2414787 7.071069 6.727716
0.03599999 0.2545584 0.2482015 7.071069 6.717906
0.03699999 0.2616295 0.2549145 7.071069 6.708097
0.03799999 0.2687005 0.2616176 7.071069 6.698287
0.03899999 0.2757716 0.268311 7.071069 6.688477
0.03999999 0.2828427 0.2749946 7.071069 6.678667
0.04099999 0.2899137 0.2816683 7.071069 6.668857
0.04199998 0.2969848 0.2883323 7.071069 6.659047
0.04299998 0.3040558 0.2949864 7.071069 6.649237
0.04399998 0.3111269 0.3016307 7.071069 6.639427
0.04499998 0.3181979 0.3082652 7.071069 6.629617
0.04599998 0.325269 0.3148899 7.071069 6.619807
0.04699998 0.3323401 0.3215048 7.071069 6.609997
0.04799997 0.3394111 0.3281099 7.071069 6.600187
0.04899997 0.3464822 0.3347052 7.071069 6.590377
0.04999997 0.3535532 0.3412906 7.071069 6.580567
0.05099997 0.3606243 0.3478663 7.071069 6.570757
0.05199997 0.3676953 0.3544321 7.071069 6.560946
0.05299997 0.3747664 0.3609882 7.071069 6.551136
0.05399996 0.3818375 0.3675344 7.071069 6.541327
0.05499996 0.3889085 0.3740708 7.071069 6.531517
0.05599996 0.3959796 0.3805974 7.071069 6.521707
0.05699996 0.4030506 0.3871142 7.071069 6.511897
0.05799996 0.4101217 0.3936212 7.071069 6.502087
0.05899996 0.4171928 0.4001183 7.071069 6.492277
0.05999995 0.4242638 0.4066057 7.071069 6.482467
0.06099995 0.4313349 0.4130832 7.071069 6.472657
0.06199995 0.4384059 0.419551 7.071069 6.462847
0.06299995 0.445477 0.4260089 7.071069 6.453037
0.06399995 0.4525481 0.4324571 7.071069 6.443227
0.06499995 0.4596191 0.4388954 7.071069 6.433417
0.06599995 0.4666902 0.4453239 7.071069 6.423607
0.06699996 0.4737613 0.4517426 7.071069 6.413797
0.06799996 0.4808324 0.4581515 7.071069 6.403987
0.06899996 0.4879035 0.4645506 7.071069 6.394177
0.06999996 0.4949746 0.4709399 7.071069 6.384367
0.07099997 0.5020456 0.4773194 7.071069 6.374557
0.07199997 0.5091167 0.483689 7.071069 6.364747
0.07299997 0.5161878 0.4900489 7.071069 6.354937
0.07399997 0.5232589 0.4963989 7.071069 6.345127
0.07499997 0.5303299 0.5027391 7.071069 6.335317
0.07599998 0.5374011 0.5090696 7.071069 6.325507
0.07699998 0.5444722 0.5153903 7.071069 6.315697
0.07799998 0.5515432 0.521701 7.071069 6.305887
0.07899998 0.5586143 0.528002 7.071069 6.296077
0.07999998 0.5656854 0.5342932 7.071069 6.286266
0.08099999 0.5727565 0.5405746 7.071069 6.276456
0.08199999 0.5798275 0.5468462 7.071069 6.266646
0.08299999 0.5868986 0.5531079 7.071069 6.256836
0.08399999 0.5939697 0.5593598 7.071069 6.247026
0.08499999 0.6010408 0.565602 7.071069 6.237216
0.086 0.6081119 0.5718343 7.071069 6.227407
0.087 0.6151829 0.5780568 7.071069 6.217597
0.088 0.6222541 0.5842695 7.071069 6.207787
0.089 0.6293252 0.5904724 7.071069 6.197977
0.09 0.6363962 0.5966655 7.071069 6.188166
0.09100001 0.6434673 0.6028488 7.071069 6.178356
0.09200001 0.6505384 0.6090222 7.071069 6.168546
0.09300001 0.6576095 0.6151859 7.071069 6.158736
0.09400001 0.6646805 0.6213397 7.071069 6.148926
0.09500001 0.6717516 0.6274837 7.071069 6.139116
0.09600002 0.6788227 0.6336179 7.071069 6.129306
0.09700002 0.6858938 0.6397424 7.071069 6.119496
0.09800002 0.6929649 0.645857 7.071069 6.109686
0.09900002 0.700036 0.6519618 7.071069 6.099876
0.1 0.7071071 0.6580568 7.071069 6.090066
0.101 0.7141781 0.664142 7.071069 6.080256
0.102 0.7212492 0.6702173 7.071069 6.070446
0.103 0.7283203 0.6762829 7.071069 6.060636
0.104 0.7353914 0.6823387 7.071069 6.050826
0.105 0.7424625 0.6883845 7.071069 6.041016
0.106 0.7495335 0.6944207 7.071069 6.031206
0.107 0.7566046 0.700447 7.071069 6.021396
0.108 0.7636757 0.7064635 7.071069 6.011586
0.109 0.7707468 0.7124702 7.071069 6.001776
0.11 0.7778179 0.7184671 7.071069 5.991966
0.111 0.784889 0.7244541 7.071069 5.982156
0.112 0.7919601 0.7304314 7.071069 5.972346
0.1130001 0.7990311 0.7363988 7.071069 5.962536
0.1140001 0.8061022 0.7423565 7.071069 5.952726
0.1150001 0.8131733 0.7483043 7.071069 5.942916
0.1160001 0.8202444 0.7542423 7.071069 5.933106
0.1170001 0.8273154 0.7601705 7.071069 5.923296
0.1180001 0.8343865 0.766089 7.071069 5.913486
0.1190001 0.8414576 0.7719976 7.071069 5.903676
0.1200001 0.8485287 0.7778963 7.071069 5.893866
0.1210001 0.8555998 0.7837853 7.071069 5.884056
0.1220001 0.8626709 0.7896645 7.071069 5.874246
0.1230001 0.869742 0.7955338 7.071069 5.864436
0.1240001 0.8768131 0.8013934 7.071069 5.854626
0.1250001 0.8838841 0.8072431 7.071069 5.844816
0.1260001 0.8909552 0.8130831 7.071069 5.835006
0.1270001 0.8980263 0.8189132 7.071069 5.825196
0.1280001 0.9050974 0.8247334 7.071069 5.815386
0.1290001 0.9121684 0.8305439 7.071069 5.805575
0.1300001 0.9192395 0.8363446 7.071069 5.795765
0.1310001 0.9263106 0.8421355 7.071069 5.785955
0.1320001 0.9333817 0.8479165 7.071069 5.776145
0.1330001 0.9404528 0.8536878 7.071069 5.766335
0.1340001 0.9475239 0.8594492 7.071069 5.756526
0.1350001 0.954595 0.8652009 7.071069 5.746716
0.1360001 0.961666 0.8709427 7.071069 5.736906
0.1370001 0.9687371 0.8766747 7.071069 5.727096
0.1380001 0.9758082 0.8823969 7.071069 5.717285
0.1390001 0.9828793 0.8881093 7.071069 5.707475
0.1400001 0.9899504 0.8938119 7.071069 5.697665
0.1410001 0.9970214 0.8995047 7.071069 5.687855
0.1420001 1.004093 0.9051877 7.071069 5.678045
0.1430001 1.011164 0.9108607 7.071069 5.668235
0.1440001 1.018235 0.9165241 7.071069 5.658425
0.1450001 1.025306 0.9221776 7.071069 5.648615
0.1460001 1.032377 0.9278214 7.071069 5.638805
0.1470001 1.039448 0.9334552 7.071069 5.628995
0.1480001 1.046519 0.9390794 7.071069 5.619185
0.1490001 1.05359 0.9446937 7.071069 5.609375
0.1500001 1.060661 0.9502981 7.071069 5.599565
0.1510001 1.067732 0.9558929 7.071069 5.589755
0.1520001 1.074803 0.9614777 7.071069 5.579945
0.1530001 1.081874 0.9670528 7.071069 5.570135
0.1540001 1.088946 0.972618 7.071069 5.560325
0.1550001 1.096017 0.9781734 7.071069 5.550515
0.1560001 1.103088 0.983719 7.071069 5.540705
0.1570001 1.110159 0.9892549 7.071069 5.530895
0.1580001 1.11723 0.9947808 7.071069 5.521085
0.1590001 1.124301 1.000297 7.071069 5.511275
0.1600001 1.131372 1.005803 7.071069 5.501465
0.1610001 1.138443 1.0113 7.071069 5.491655
0.1620001 1.145514 1.016787 7.071069 5.481845
0.1630002 1.152585 1.022264 7.071069 5.472035
0.1640002 1.159656 1.027731 7.071069 5.462225
0.1650002 1.166727 1.033188 7.071069 5.452415
0.1660002 1.173799 1.038636 7.071069 5.442605
0.1670002 1.18087 1.044073 7.071069 5.432795
0.1680002 1.187941 1.049501 7.071069 5.422985
0.1690002 1.195012 1.054919 7.071069 5.413175
0.1700002 1.202083 1.060328 7.071069 5.403365
0.1710002 1.209154 1.065726 7.071069 5.393555
0.1720002 1.216225 1.071115 7.071069 5.383745
0.1730002 1.223296 1.076494 7.071069 5.373935
0.1740002 1.230367 1.081863 7.071069 5.364125
0.1750002 1.237438 1.087222 7.071069 5.354315
0.1760002 1.244509 1.092571 7.071069 5.344505
0.1770002 1.25158 1.097911 7.071069 5.334694
0.1780002 1.258651 1.103241 7.071069 5.324884
0.1790002 1.265723 1.108561 7.071069 5.315074
0.1800002 1.272794 1.113871 7.071069 5.305264
0.1810002 1.279865 1.119171 7.071069 5.295455
0.1820002 1.286936 1.124462 7.071069 5.285645
0.1830002 1.294007 1.129743 7.071069 5.275835
0.1840002 1.301078 1.135014 7.071069 5.266025
0.1850002 1.308149 1.140275 7.071069 5.256215
0.1860002 1.31522 1.145526 7.071069 5.246405
0.1870002 1.322291 1.150767 7.071069 5.236594
0.1880002 1.329362 1.155999 7.071069 5.226784
0.1890002 1.336433 1.161221 7.071069 5.216974
0.1900002 1.343505 1.166433 7.071069 5.207164
0.1910002 1.350576 1.171636 7.071069 5.197354
0.1920002 1.357647 1.176828 7.071069 5.187544
0.1930002 1.364718 1.182011 7.071069 5.177734
0.1940002 1.371789 1.187183 7.071069 5.167924
0.1950002 1.37886 1.192346 7.071069 5.158114
0.1960002 1.385931 1.1975 7.071069 5.148304
0.1970002 1.393002 1.202643 7.071069 5.138494
0.1980002 1.400073 1.207777 7.071069 5.128684
0.1990002 1.407144 1.212901 7.071069 5.118874
0.2000002 1.414215 1.218014 7.071069 5.109064
0.2010002 1.421286 1.223119 7.071069 5.099254
0.2020002 1.428357 1.228213 7.071069 5.089444
0.2030002 1.435429 1.233298 7.071069 5.079634
0.2040002 1.4425 1.238372 7.071069 5.069824
0.2050002 1.449571 1.243437 7.071069 5.060014
0.2060002 1.456642 1.248492 7.071069 5.050204
0.2070002 1.463713 1.253538 7.071069 5.040394
0.2080002 1.470784 1.258573 7.071069 5.030584
0.2090002 1.477855 1.263599 7.071069 5.020774
0.2100002 1.484926 1.268615 7.071069 5.010964
0.2110002 1.491997 1.273621 7.071069 5.001154
0.2120003 1.499068 1.278617 7.071069 4.991344
0.2130003 1.506139 1.283603 7.071069 4.981534
0.2140003 1.513211 1.28858 7.071069 4.971724
0.2150003 1.520282 1.293547 7.071069 4.961914
0.2160003 1.527353 1.298504 7.071069 4.952104
0.2170003 1.534424 1.303451 7.071069 4.942294
0.2180003 1.541495 1.308389 7.071069 4.932484
0.2190003 1.548566 1.313316 7.071069 4.922674
0.2200003 1.555637 1.318234 7.071069 4.912864
0.2210003 1.562708 1.323142 7.071069 4.903054
0.2220003 1.569779 1.32804 7.071069 4.893244
0.2230003 1.57685 1.332928 7.071069 4.883434
0.2240003 1.583921 1.337807 7.071069 4.873624
0.2250003 1.590992 1.342676 7.071069 4.863814
0.2260003 1.598063 1.347535 7.071069 4.854003
0.2270003 1.605135 1.352384 7.071069 4.844193
0.2280003 1.612206 1.357223 7.071069 4.834383
0.2290003 1.619277 1.362052 7.071069 4.824574
0.2300003 1.626348 1.366872 7.071069 4.814764
0.2310003 1.633419 1.371682 7.071069 4.804954
0.2320003 1.64049 1.376482 7.071069 4.795144
0.2330003 1.647561 1.381272 7.071069 4.785334
0.2340003 1.654632 1.386053 7.071069 4.775524
0.2350003 1.661703 1.390823 7.071069 4.765714
0.2360003 1.668774 1.395584 7.071069 4.755903
0.2370003 1.675845 1.400335 7.071069 4.746093
0.2380003 1.682917 1.405076 7.071069 4.736283
0.2390003 1.689988 1.409808 7.071069 4.726473
0.2400003 1.697059 1.414529 7.071069 4.716663
0.2410003 1.70413 1.419241 7.071069 4.706853
0.2420003 1.711201 1.423943 7.071069 4.697043
0.2430003 1.718272 1.428635 7.071069 4.687233
0.2440003 1.725343 1.433318 7.071069 4.677423
0.2450003 1.732414 1.43799 7.071069 4.667613
0.2460003 1.739485 1.442653 7.071069 4.657803
0.2470003 1.746556 1.447306 7.071069 4.647993
0.2480003 1.753627 1.451949 7.071069 4.638183
0.2490003 1.760698 1.456582 7.071069 4.628373
0.2500003 1.767769 1.461206 7.071069 4.618563
0.2510003 1.77484 1.465819 7.071069 4.608753
0.2520003 1.781911 1.470423 7.071069 4.598943
0.2530003 1.788982 1.475017 7.071069 4.589134
0.2540003 1.796053 1.479601 7.071069 4.579324
0.2550003 1.803124 1.484176 7.071069 4.569514
0.2560003 1.810195 1.48874 7.071069 4.559704
0.2570002 1.817266 1.493295 7.071069 4.549894
0.2580002 1.824337 1.49784 7.071069 4.540084
0.2590002 1.831408 1.502375 7.071069 4.530274
0.2600002 1.838479 1.5069 7.071069 4.520464
0.2610002 1.84555 1.511416 7.071069 4.510654
0.2620002 1.852621 1.515921 7.071069 4.500844
0.2630002 1.859692 1.520417 7.071069 4.491035
0.2640001 1.866763 1.524903 7.071069 4.481225
0.2650001 1.873834 1.52938 7.071069 4.471415
0.2660001 1.880905 1.533846 7.071069 4.461605
0.2670001 1.887976 1.538303 7.071069 4.451795
0.2680001 1.895047 1.54275 7.071069 4.441986
0.2690001 1.902118 1.547187 7.071069 4.432176
0.2700001 1.909189 1.551614 7.071069 4.422366
0.2710001 1.91626 1.556031 7.071069 4.412556
0.272 1.923331 1.560439 7.071069 4.402746
0.273 1.930402 1.564837 7.071069 4.392936
0.274 1.937473 1.569224 7.071069 4.383126
0.275 1.944544 1.573603 7.071069 4.373316
0.276 1.951615 1.577971 7.071069 4.363506
0.277 1.958686 1.58233 7.071069 4.353696
0.278 1.965757 1.586678 7.071069 4.343887
0.279 1.972828 1.591017 7.071069 4.334077
0.2799999 1.979899 1.595346 7.071069 4.324267
0.2809999 1.98697 1.599666 7.071069 4.314457
0.2819999 1.994041 1.603975 7.071069 4.304647
0.2829999 2.001112 1.608275 7.071069 4.294837
0.2839999 2.008183 1.612565 7.071069 4.285028
0.2849999 2.015254 1.616845 7.071069 4.275218
0.2859999 2.022325 1.621115 7.071069 4.265408
0.2869999 2.029396 1.625376 7.071069 4.255598
0.2879998 2.036467 1.629626 7.071069 4.245788
0.2889998 2.043538 1.633867 7.071069 4.235978
0.2899998 2.050609 1.638098 7.071069 4.226168
0.2909998 2.05768 1.642319 7.071069 4.216358
0.2919998 2.064751 1.646531 7.071069 4.206549
0.2929998 2.071821 1.650732 7.071069 4.196739
0.2939998 2.078892 1.654924 7.071069 4.186929
0.2949997 2.085963 1.659106 7.071069 4.177119
0.2959997 2.093035 1.663278 7.071069 4.167309
0.2969997 2.100106 1.66744 7.071069 4.157499
0.2979997 2.107177 1.671593 7.071069 4.147689
0.2989997 2.114247 1.675736 7.071069 4.137879
0.2999997 2.121318 1.679869 7.071069 4.128069
0.3009997 2.128389 1.683992 7.071069 4.118259
0.3019997 2.13546 1.688105 7.071069 4.10845
0.3029996 2.142531 1.692209 7.071069 4.09864
0.3039996 2.149602 1.696302 7.071069 4.08883
0.3049996 2.156673 1.700386 7.071069 4.07902
0.3059996 2.163744 1.70446 7.071069 4.06921
0.3069996 2.170815 1.708524 7.071069 4.059401
0.3079996 2.177886 1.712579 7.071069 4.049591
0.3089996 2.184957 1.716624 7.071069 4.039781
0.3099996 2.192028 1.720658 7.071069 4.029971
0.3109995 2.199099 1.724683 7.071069 4.020161
0.3119995 2.20617 1.728698 7.071069 4.010351
0.3129995 2.213241 1.732704 7.071069 4.000541
0.3139995 2.220312 1.7367 7.071069 3.990731
0.3149995 2.227383 1.740685 7.071069 3.980921
0.3159995 2.234454 1.744661 7.071069 3.971112
0.3169995 2.241525 1.748627 7.071069 3.961302
0.3179995 2.248596 1.752584 7.071069 3.951492
0.3189994 2.255667 1.75653 7.071069 3.941682
0.3199994 2.262738 1.760467 7.071069 3.931872
0.3209994 2.269809 1.764394 7.071069 3.922062
0.3219994 2.27688 1.768311 7.071069 3.912252
0.3229994 2.283951 1.772218 7.071069 3.902442
0.3239994 2.291022 1.776116 7.071069 3.892632
0.3249994 2.298093 1.780004 7.071069 3.882823
0.3259993 2.305164 1.783881 7.071069 3.873013
0.3269993 2.312235 1.787749 7.071069 3.863203
0.3279993 2.319306 1.791608 7.071069 3.853393
0.3289993 2.326377 1.795456 7.071069 3.843583
0.3299993 2.333448 1.799295 7.071069 3.833773
0.3309993 2.340519 1.803124 7.071069 3.823963
0.3319993 2.34759 1.806942 7.071069 3.814153
0.3329993 2.354661 1.810752 7.071069 3.804344
0.3339992 2.361732 1.814551 7.071069 3.794534
0.3349992 2.368803 1.818341 7.071069 3.784724
0.3359992 2.375874 1.822121 7.071069 3.774914
0.3369992 2.382945 1.825891 7.071069 3.765104
0.3379992 2.390016 1.829651 7.071069 3.755294
0.3389992 2.397087 1.833401 7.071069 3.745484
0.3399992 2.404157 1.837142 7.071069 3.735675
0.3409992 2.411228 1.840872 7.071069 3.725865
0.3419991 2.418299 1.844593 7.071069 3.716055
0.3429991 2.42537 1.848304 7.071069 3.706245
0.3439991 2.432441 1.852005 7.071069 3.696435
0.3449991 2.439512 1.855697 7.071069 3.686625
0.3459991 2.446583 1.859379 7.071069 3.676815
0.3469991 2.453654 1.863051 7.071069 3.667005
0.3479991 2.460725 1.866713 7.071069 3.657196
0.3489991 2.467796 1.870365 7.071069 3.647386
0.349999 2.474867 1.874007 7.071069 3.637576
0.350999 2.481938 1.87764 7.071069 3.627766
0.351999 2.489009 1.881263 7.071069 3.617956
0.352999 2.49608 1.884876 7.071069 3.608146
0.353999 2.503151 1.888479 7.071069 3.598336
0.354999 2.510222 1.892072 7.071069 3.588526
0.355999 2.517293 1.895656 7.071069 3.578717
0.356999 2.524364 1.89923 7.071069 3.568907
0.3579989 2.531435 1.902794 7.071069 3.559097
0.3589989 2.538506 1.906348 7.071069 3.549287
0.3599989 2.545577 1.909892 7.071069 3.539477
0.3609989 2.552648 1.913427 7.071069 3.529667
0.3619989 2.559719 1.916951 7.071069 3.519857
0.3629989 2.56679 1.920466 7.071069 3.510047
0.3639989 2.573861 1.923971 7.071069 3.500237
0.3649988 2.580932 1.927467 7.071069 3.490428
0.3659988 2.588003 1.930952 7.071069 3.480618
0.3669988 2.595074 1.934428 7.071069 3.470808
0.3679988 2.602145 1.937894 7.071069 3.460998
0.3689988 2.609216 1.94135 7.071069 3.451188
0.3699988 2.616287 1.944796 7.071069 3.441378
0.3709988 2.623358 1.948232 7.071069 3.431568
0.3719988 2.630429 1.951659 7.071069 3.421759
0.3729987 2.6375 1.955076 7.071069 3.411949
0.3739987 2.644571 1.958483 7.071069 3.402139
0.3749987 2.651642 1.96188 7.071069 3.392329
0.3759987 2.658713 1.965267 7.071069 3.382519
0.3769987 2.665784 1.968645 7.071069 3.372709
0.3779987 2.672855 1.972013 7.071069 3.362899
0.3789987 2.679926 1.975371 7.071069 3.35309
0.3799987 2.686997 1.978719 7.071069 3.34328
0.3809986 2.694067 1.982057 7.071069 3.33347
0.3819986 2.701138 1.985385 7.071069 3.32366
0.3829986 2.70821 1.988704 7.071069 3.31385
0.3839986 2.715281 1.992013 7.071069 3.30404
0.3849986 2.722352 1.995312 7.071069 3.29423
0.3859986 2.729423 1.998602 7.071069 3.28442
0.3869986 2.736493 2.001881 7.071069 3.274611
0.3879986 2.743564 2.005151 7.071069 3.264801
0.3889985 2.750635 2.00841 7.071069 3.254991
0.3899985 2.757706 2.011661 7.071069 3.245181
0.3909985 2.764777 2.014901 7.071069 3.235371
0.3919985 2.771848 2.018131 7.071069 3.225561
0.3929985 2.778919 2.021352 7.071069 3.215751
0.3939985 2.78599 2.024563 7.071069 3.205941
0.3949985 2.793061 2.027764 7.071069 3.196131
0.3959984 2.800132 2.030955 7.071069 3.186321
0.3969984 2.807203 2.034136 7.071069 3.176512
0.3979984 2.814274 2.037308 7.071069 3.166702
0.3989984 2.821345 2.040469 7.071069 3.156892
0.3999984 2.828416 2.043622 7.071069 3.147082
0.4009984 2.835487 2.046764 7.071069 3.137272
0.4019984 2.842558 2.049896 7.071069 3.127462
0.4029984 2.849629 2.053019 7.071069 3.117652
0.4039983 2.8567 2.056131 7.071069 3.107843
0.4049983 2.863771 2.059234 7.071069 3.098033
0.4059983 2.870842 2.062327 7.071069 3.088223
0.4069983 2.877913 2.06541 7.071069 3.078413
0.4079983 2.884984 2.068484 7.071069 3.068603
0.4089983 2.892055 2.071548 7.071069 3.058793
0.4099983 2.899126 2.074601 7.071069 3.048983
0.4109983 2.906197 2.077645 7.071069 3.039174
0.4119982 2.913268 2.08068 7.071069 3.029364
0.4129982 2.920339 2.083704 7.071069 3.019554
0.4139982 2.92741 2.086719 7.071069 3.009744
0.4149982 2.934481 2.089724 7.071069 2.999934
0.4159982 2.941552 2.092718 7.071069 2.990124
0.4169982 2.948623 2.095704 7.071069 2.980314
0.4179982 2.955694 2.098679 7.071069 2.970504
0.4189982 2.962765 2.101645 7.071069 2.960695
0.4199981 2.969836 2.1046 7.071069 2.950885
0.4209981 2.976907 2.107546 7.071069 2.941075
0.4219981 2.983978 2.110482 7.071069 2.931265
0.4229981 2.991049 2.113409 7.071069 2.921455
0.4239981 2.99812 2.116325 7.071069 2.911645
0.4249981 3.005191 2.119232 7.071069 2.901835
0.4259981 3.012262 2.122129 7.071069 2.892025
0.426998 3.019333 2.125016 7.071069 2.882215
0.427998 3.026403 2.127893 7.071069 2.872406
0.428998 3.033474 2.130761 7.071069 2.862596
0.429998 3.040545 2.133618 7.071069 2.852786
0.430998 3.047616 2.136466 7.071069 2.842976
0.431998 3.054688 2.139304 7.071069 2.833166
0.432998 3.061759 2.142132 7.071069 2.823356
0.433998 3.068829 2.144951 7.071069 2.813546
0.4349979 3.0759 2.147759 7.071069 2.803736
0.4359979 3.082971 2.150558 7.071069 2.793927
0.4369979 3.090042 2.153347 7.071069 2.784117
0.4379979 3.097113 2.156126 7.071069 2.774307
0.4389979 3.104184 2.158896 7.071069 2.764497
0.4399979 3.111255 2.161655 7.071069 2.754687
0.4409979 3.118326 2.164405 7.071069 2.744877
0.4419979 3.125397 2.167145 7.071069 2.735067
0.4429978 3.132468 2.169875 7.071069 2.725258
0.4439978 3.139539 2.172596 7.071069 2.715448
0.4449978 3.14661 2.175306 7.071069 2.705638
0.4459978 3.153681 2.178007 7.071069 2.695828
0.4469978 3.160752 2.180698 7.071069 2.686018
0.4479978 3.167823 2.183379 7.071069 2.676208
0.4489978 3.174894 2.18605 7.071069 2.666398
0.4499978 3.181965 2.188711 7.071069 2.656588
0.4509977 3.189036 2.191363 7.071069 2.646779
0.4519977 3.196107 2.194005 7.071069 2.636969
0.4529977 3.203178 2.196637 7.071069 2.627159
0.4539977 3.210249 2.199259 7.071069 2.617349
0.4549977 3.21732 2.201871 7.071069 2.607539
0.4559977 3.224391 2.204474 7.071069 2.597729
0.4569977 3.231462 2.207067 7.071069 2.587919
0.4579976 3.238533 2.20965 7.071069 2.57811
0.4589976 3.245604 2.212223 7.071069 2.5683
0.4599976 3.252675 2.214786 7.071069 2.55849
0.4609976 3.259746 2.21734 7.071069 2.54868
0.4619976 3.266817 2.219884 7.071069 2.53887
0.4629976 3.273888 2.222418 7.071069 2.52906
0.4639976 3.280959 2.224942 7.071069 2.51925
0.4649976 3.28803 2.227456 7.071069 2.50944
0.4659975 3.295101 2.22996 7.071069 2.49963
0.4669975 3.302172 2.232455 7.071069 2.48982
0.4679975 3.309243 2.23494 7.071069 2.480011
0.4689975 3.316314 2.237415 7.071069 2.470201
0.4699975 3.323385 2.239881 7.071069 2.460391
0.4709975 3.330456 2.242336 7.071069 2.450581
0.4719975 3.337527 2.244781 7.071069 2.440771
0.4729975 3.344598 2.247217 7.071069 2.430961
0.4739974 3.351669 2.249644 7.071069 2.421151
0.4749974 3.35874 2.25206 7.071069 2.411342
0.4759974 3.36581 2.254466 7.071069 2.401532
0.4769974 3.372881 2.256863 7.071069 2.391722
0.4779974 3.379952 2.259249 7.071069 2.381912
0.4789974 3.387023 2.261626 7.071069 2.372102
0.4799974 3.394094 2.263994 7.071069 2.362292
0.4809974 3.401165 2.266351 7.071069 2.352482
0.4819973 3.408236 2.268699 7.071069 2.342672
0.4829973 3.415307 2.271036 7.071069 2.332863
0.4839973 3.422378 2.273364 7.071069 2.323053
0.4849973 3.429449 2.275682 7.071069 2.313243
0.4859973 3.43652 2.277991 7.071069 2.303433
0.4869973 3.443591 2.280289 7.071069 2.293623
0.4879973 3.450662 2.282578 7.071069 2.283813
0.4889973 3.457733 2.284857 7.071069 2.274003
0.4899972 3.464804 2.287126 7.071069 2.264194
0.4909972 3.471875 2.289385 7.071069 2.254384
0.4919972 3.478946 2.291635 7.071069 2.244574
0.4929972 3.486017 2.293874 7.071069 2.234764
0.4939972 3.493088 2.296104 7.071069 2.224954
0.4949972 3.500159 2.298324 7.071069 2.215144
0.4959972 3.50723 2.300534 7.071069 2.205334
0.4969971 3.514301 2.302735 7.071069 2.195524
0.4979971 3.521372 2.304925 7.071069 2.185714
0.4989971 3.528443 2.307106 7.071069 2.175905
0.4999971 3.535514 2.309277 7.071069 2.166095
0.5009971 3.542585 2.311438 7.071069 2.156285
0.5019971 3.549656 2.31359 7.071069 2.146475
0.5029971 3.556727 2.315731 7.071069 2.136665
0.5039971 3.563798 2.317863 7.071069 2.126855
0.5049971 3.570869 2.319985 7.071069 2.117045
0.5059971 3.57794 2.322097 7.071069 2.107235
0.506997 3.585011 2.324199 7.071069 2.097425
0.507997 3.592082 2.326292 7.071069 2.087615
0.508997 3.599153 2.328374 7.071069 2.077806
0.509997 3.606224 2.330447 7.071069 2.067996
0.510997 3.613295 2.33251 7.071069 2.058186
0.511997 3.620366 2.334563 7.071069 2.048376
0.512997 3.627437 2.336607 7.071069 2.038566
0.513997 3.634508 2.338641 7.071069 2.028756
0.5149969 3.641579 2.340664 7.071069 2.018946
0.5159969 3.64865 2.342678 7.071069 2.009136
0.5169969 3.655721 2.344683 7.071069 1.999327
0.5179969 3.662792 2.346677 7.071069 1.989517
0.5189969 3.669863 2.348662 7.071069 1.979707
0.5199969 3.676934 2.350636 7.071069 1.969897
0.5209969 3.684005 2.352601 7.071069 1.960087
0.5219969 3.691076 2.354557 7.071069 1.950277
0.5229968 3.698147 2.356502 7.071069 1.940467
0.5239968 3.705218 2.358438 7.071069 1.930658
0.5249968 3.712289 2.360363 7.071069 1.920848
0.5259968 3.71936 2.362279 7.071069 1.911038
0.5269968 3.726431 2.364185 7.071069 1.901228
0.5279968 3.733501 2.366081 7.071069 1.891418
0.5289968 3.740572 2.367968 7.071069 1.881608
0.5299968 3.747643 2.369845 7.071069 1.871798
0.5309967 3.754714 2.371711 7.071069 1.861988
0.5319967 3.761786 2.373569 7.071069 1.852178
0.5329967 3.768857 2.375416 7.071069 1.842369
0.5339967 3.775927 2.377253 7.071069 1.832559
0.5349967 3.782998 2.379081 7.071069 1.822749
0.5359967 3.790069 2.380899 7.071069 1.812939
0.5369967 3.79714 2.382707 7.071069 1.803129
0.5379966 3.804211 2.384505 7.071069 1.793319
0.5389966 3.811282 2.386293 7.071069 1.783509
0.5399966 3.818353 2.388072 7.071069 1.7737
0.5409966 3.825424 2.389841 7.071069 1.76389
0.5419966 3.832495 2.3916 7.071069 1.75408
0.5429966 3.839566 2.393349 7.071069 1.74427
0.5439966 3.846637 2.395088 7.071069 1.73446
0.5449966 3.853708 2.396818 7.071069 1.72465
0.5459965 3.860779 2.398537 7.071069 1.71484
0.5469965 3.86785 2.400247 7.071069 1.70503
0.5479965 3.874921 2.401947 7.071069 1.69522
0.5489965 3.881992 2.403638 7.071069 1.685411
0.5499965 3.889063 2.405318 7.071069 1.675601
0.5509965 3.896134 2.406989 7.071069 1.665791
0.5519965 3.903205 2.40865 7.071069 1.655981
0.5529965 3.910276 2.410301 7.071069 1.646171
0.5539964 3.917347 2.411942 7.071069 1.636361
0.5549964 3.924418 2.413573 7.071069 1.626551
0.5559964 3.931489 2.415195 7.071069 1.616742
0.5569964 3.93856 2.416807 7.071069 1.606932
0.5579964 3.945631 2.418409 7.071069 1.597122
0.5589964 3.952702 2.420001 7.071069 1.587312
0.5599964 3.959773 2.421583 7.071069 1.577502
0.5609964 3.966844 2.423156 7.071069 1.567692
0.5619963 3.973915 2.424719 7.071069 1.557882
0.5629963 3.980986 2.426272 7.071069 1.548072
0.5639963 3.988057 2.427815 7.071069 1.538262
0.5649963 3.995128 2.429348 7.071069 1.528453
0.5659963 4.002199 2.430872 7.071069 1.518643
0.5669963 4.00927 2.432385 7.071069 1.508833
0.5679963 4.016341 2.433889 7.071069 1.499023
0.5689963 4.023412 2.435384 7.071069 1.489213
0.5699962 4.030483 2.436868 7.071069 1.479403
0.5709962 4.037554 2.438342 7.071069 1.469593
0.5719962 4.044624 2.439807 7.071069 1.459784
0.5729962 4.051695 2.441262 7.071069 1.449974
0.5739962 4.058766 2.442707 7.071069 1.440164
0.5749962 4.065837 2.444142 7.071069 1.430354
0.5759962 4.072908 2.445567 7.071069 1.420544
0.5769961 4.079979 2.446983 7.071069 1.410734
0.5779961 4.08705 2.448389 7.071069 1.400924
0.5789961 4.094121 2.449785 7.071069 1.391114
0.5799961 4.101192 2.451171 7.071069 1.381305
0.5809961 4.108263 2.452548 7.071069 1.371495
0.5819961 4.115335 2.453914 7.071069 1.361685
0.5829961 4.122406 2.455271 7.071069 1.351875
0.5839961 4.129476 2.456618 7.071069 1.342065
0.584996 4.136547 2.457955 7.071069 1.332255
0.585996 4.143618 2.459282 7.071069 1.322445
0.586996 4.150689 2.4606 7.071069 1.312635
0.587996 4.15776 2.461907 7.071069 1.302826
0.588996 4.164831 2.463205 7.071069 1.293016
0.589996 4.171902 2.464494 7.071069 1.283206
0.590996 4.178973 2.465772 7.071069 1.273396
0.591996 4.186044 2.46704 7.071069 1.263586
0.5929959 4.193115 2.468299 7.071069 1.253776
0.5939959 4.200186 2.469548 7.071069 1.243966
0.5949959 4.207257 2.470787 7.071069 1.234156
0.5959959 4.214328 2.472016 7.071069 1.224347
0.5969959 4.221399 2.473235 7.071069 1.214537
0.5979959 4.22847 2.474445 7.071069 1.204727
0.5989959 4.235541 2.475645 7.071069 1.194917
0.5999959 4.242612 2.476835 7.071069 1.185107
0.6009958 4.249683 2.478015 7.071069 1.175297
0.6019958 4.256754 2.479186 7.071069 1.165487
0.6029958 4.263825 2.480346 7.071069 1.155677
0.6039958 4.270896 2.481497 7.071069 1.145868
0.6049958 4.277967 2.482638 7.071069 1.136058
0.6059958 4.285038 2.483769 7.071069 1.126248
0.6069958 4.292109 2.48489 7.071069 1.116438
0.6079957 4.29918 2.486001 7.071069 1.106628
0.6089957 4.306251 2.487103 7.071069 1.096818
0.6099957 4.313322 2.488195 7.071069 1.087008
0.6109957 4.320393 2.489277 7.071069 1.077199
0.6119957 4.327464 2.49035 7.071069 1.067389
0.6129957 4.334535 2.491412 7.071069 1.057579
0.6139957 4.341606 2.492465 7.071069 1.047769
0.6149957 4.348677 2.493508 7.071069 1.037959
0.6159956 4.355748 2.494541 7.071069 1.028149
0.6169956 4.362819 2.495564 7.071069 1.018339
0.6179956 4.36989 2.496577 7.071069 1.008529
0.6189956 4.37696 2.497581 7.071069 0.9987195
0.6199956 4.384031 2.498575 7.071069 0.9889096
0.6209956 4.391102 2.499559 7.071069 0.9790998
0.6219956 4.398173 2.500533 7.071069 0.9692898
0.6229956 4.405244 2.501497 7.071069 0.95948
0.6239955 4.412315 2.502452 7.071069 0.9496701
0.6249955 4.419386 2.503397 7.071069 0.9398602
0.6259955 4.426457 2.504332 7.071069 0.9300504
0.6269955 4.433528 2.505257 7.071069 0.9202405
0.6279955 4.440599 2.506172 7.071069 0.9104306
0.6289955 4.44767 2.507077 7.071069 0.9006208
0.6299955 4.454741 2.507973 7.071069 0.8908108
0.6309955 4.461812 2.508859 7.071069 0.881001
0.6319954 4.468883 2.509735 7.071069 0.8711911
0.6329954 4.475954 2.510602 7.071069 0.8613812
0.6339954 4.483025 2.511458 7.071069 0.8515714
0.6349954 4.490096 2.512305 7.071069 0.8417615
0.6359954 4.497167 2.513142 7.071069 0.8319516
0.6369954 4.504238 2.513969 7.071069 0.8221418
0.6379954 4.511309 2.514786 7.071069 0.8123319
0.6389953 4.51838 2.515593 7.071069 0.802522
0.6399953 4.525451 2.516391 7.071069 0.7927122
0.6409953 4.532522 2.517178 7.071069 0.7829022
0.6419953 4.539593 2.517956 7.071069 0.7730924
0.6429953 4.546664 2.518725 7.071069 0.7632825
0.6439953 4.553735 2.519483 7.071069 0.7534726
0.6449953 4.560806 2.520232 7.071069 0.7436628
0.6459953 4.567877 2.52097 7.071069 0.7338529
0.6469952 4.574948 2.521699 7.071069 0.724043
0.6479952 4.582019 2.522418 7.071069 0.7142332
0.6489952 4.58909 2.523128 7.071069 0.7044232
0.6499952 4.596161 2.523828 7.071069 0.6946134
0.6509952 4.603232 2.524517 7.071069 0.6848035
0.6519952 4.610303 2.525197 7.071069 0.6749936
0.6529952 4.617374 2.525867 7.071069 0.6651838
0.6539952 4.624444 2.526527 7.071069 0.6553739
0.6549951 4.631516 2.527178 7.071069 0.645564
0.6559951 4.638587 2.527818 7.071069 0.6357542
0.6569951 4.645658 2.528449 7.071069 0.6259443
0.6579951 4.652729 2.52907 7.071069 0.6161344
0.6589951 4.6598 2.529682 7.071069 0.6063246
0.6599951 4.666871 2.530283 7.071069 0.5965146
0.6609951 4.673942 2.530875 7.071069 0.5867048
0.6619951 4.681013 2.531456 7.071069 0.5768949
0.662995 4.688084 2.532028 7.071069 0.567085
0.663995 4.695155 2.53259 7.071069 0.5572752
0.664995 4.702226 2.533143 7.071069 0.5474653
0.665995 4.709296 2.533685 7.071069 0.5376554
0.666995 4.716367 2.534218 7.071069 0.5278456
0.667995 4.723438 2.534741 7.071069 0.5180357
0.668995 4.730509 2.535254 7.071069 0.5082258
0.669995 4.73758 2.535758 7.071069 0.4984159
0.6709949 4.744651 2.536251 7.071069 0.488606
0.6719949 4.751722 2.536735 7.071069 0.4787962
0.6729949 4.758793 2.537209 7.071069 0.4689863
0.6739949 4.765864 2.537673 7.071069 0.4591764
0.6749949 4.772935 2.538127 7.071069 0.4493665
0.6759949 4.780006 2.538571 7.071069 0.4395567
0.6769949 4.787077 2.539006 7.071069 0.4297468
0.6779948 4.794148 2.539431 7.071069 0.4199369
0.6789948 4.801219 2.539846 7.071069 0.410127
0.6799948 4.80829 2.540251 7.071069 0.4003172
0.6809948 4.815361 2.540647 7.071069 0.3905073
0.6819948 4.822432 2.541032 7.071069 0.3806974
0.6829948 4.829503 2.541408 7.071069 0.3708875
0.6839948 4.836574 2.541774 7.071069 0.3610777
0.6849948 4.843645 2.54213 7.071069 0.3512678
0.6859947 4.850716 2.542476 7.071069 0.3414579
0.6869947 4.857787 2.542813 7.071069 0.3316481
0.6879947 4.864858 2.543139 7.071069 0.3218382
0.6889947 4.871929 2.543457 7.071069 0.3120283
0.6899947 4.879 2.543764 7.071069 0.3022184
0.6909947 4.886071 2.544061 7.071069 0.2924086
0.6919947 4.893142 2.544349 7.071069 0.2825987
0.6929947 4.900213 2.544626 7.071069 0.2727888
0.6939946 4.907284 2.544894 7.071069 0.2629789
0.6949946 4.914355 2.545152 7.071069 0.2531691
0.6959946 4.921426 2.5454 7.071069 0.2433592
0.6969946 4.928497 2.545639 7.071069 0.2335493
0.6979946 4.935568 2.545867 7.071069 0.2237395
0.6989946 4.942639 2.546086 7.071069 0.2139296
0.6999946 4.94971 2.546295 7.071069 0.2041197
0.7009946 4.956781 2.546494 7.071069 0.1943098
0.7019945 4.963851 2.546684 7.071069 0.1845
0.7029945 4.970922 2.546864 7.071069 0.1746901
0.7039945 4.977993 2.547034 7.071069 0.1648802
0.7049945 4.985065 2.547194 7.071069 0.1550703
0.7059945 4.992136 2.547344 7.071069 0.1452605
0.7069945 4.999207 2.547484 7.071069 0.1354506
0.7079945 5.006278 2.547614 7.071069 0.1256407
0.7089944 5.013349 2.547735 7.071069 0.1158308
0.7099944 5.02042 2.547846 7.071069 0.106021
0.7109944 5.027491 2.547947 7.071069 0.0962111
0.7119944 5.034562 2.548038 7.071069 0.08640122
0.7129944 5.041632 2.54812 7.071069 0.07659135
0.7139944 5.048703 2.548192 7.071069 0.06678148
0.7149944 5.055774 2.548254 7.071069 0.0569716
0.7159944 5.062845 2.548306 7.071069 0.04716173
0.7169943 5.069916 2.548348 7.071069 0.03735185
0.7179943 5.076987 2.54838 7.071069 0.02754198
0.7189943 5.084058 2.548403 7.071069 0.01773211
0.7199943 5.091129 2.548416 7.071069 0.007922232
0.7209943 5.0982 2.548419 7.071069 -0.001887641
0.7219943 5.105271 2.548412 7.071069 -0.01169751
0.7229943 5.112342 2.548395 7.071069 -0.02150739
0.7239943 5.119413 2.548369 7.071069 -0.03131726
0.7249942 5.126484 2.548333 7.071069 -0.04112714
0.7259942 5.133555 2.548287 7.071069 -0.05093701
0.7269942 5.140626 2.548231 7.071069 -0.06074688
0.7279942 5.147697 2.548165 7.071069 -0.07055676
0.7289942 5.154768 2.54809 7.071069 -0.08036663
0.7299942 5.161839 2.548004 7.071069 -0.09017651
0.7309942 5.16891 2.547909 7.071069 -0.09998638
0.7319942 5.175981 2.547804 7.071069 -0.1097963
0.7329941 5.183052 2.54769 7.071069 -0.1196061
0.7339941 5.190123 2.547565 7.071069 -0.129416
0.7349941 5.197194 2.547431 7.071069 -0.1392259
0.7359941 5.204265 2.547287 7.071069 -0.1490358
0.7369941 5.211336 2.547133 7.071069 -0.1588456
0.7379941 5.218407 2.546969 7.071069 -0.1686555
0.7389941 5.225478 2.546796 7.071069 -0.1784654
0.739994 5.232549 2.546612 7.071069 -0.1882752
0.740994 5.23962 2.546419 7.071069 -0.1980851
0.741994 5.246691 2.546216 7.071069 -0.207895
0.742994 5.253762 2.546003 7.071069 -0.2177049
0.743994 5.260833 2.545781 7.071069 -0.2275147
0.744994 5.267904 2.545548 7.071069 -0.2373246
0.745994 5.274975 2.545306 7.071069 -0.2471345
0.746994 5.282046 2.545054 7.071069 -0.2569444
0.7479939 5.289117 2.544792 7.071069 -0.2667542
0.7489939 5.296187 2.544521 7.071069 -0.2765641
0.7499939 5.303258 2.544239 7.071069 -0.286374
0.7509939 5.310329 2.543948 7.071069 -0.2961839
0.7519939 5.3174 2.543647 7.071069 -0.3059937
0.7529939 5.324471 2.543336 7.071069 -0.3158036
0.7539939 5.331542 2.543015 7.071069 -0.3256135
0.7549939 5.338614 2.542685 7.071069 -0.3354234
0.7559938 5.345685 2.542344 7.071069 -0.3452332
0.7569938 5.352756 2.541994 7.071069 -0.3550431
0.7579938 5.359827 2.541634 7.071069 -0.364853
0.7589938 5.366898 2.541265 7.071069 -0.3746628
0.7599938 5.373968 2.540885 7.071069 -0.3844727
0.7609938 5.381039 2.540496 7.071069 -0.3942826
0.7619938 5.38811 2.540097 7.071069 -0.4040925
0.7629938 5.395181 2.539687 7.071069 -0.4139023
0.7639937 5.402252 2.539268 7.071069 -0.4237122
0.7649937 5.409323 2.53884 7.071069 -0.4335221
0.7659937 5.416394 2.538401 7.071069 -0.443332
0.7669937 5.423465 2.537953 7.071069 -0.4531418
0.7679937 5.430536 2.537495 7.071069 -0.4629517
0.7689937 5.437607 2.537027 7.071069 -0.4727616
0.7699937 5.444678 2.53655 7.071069 -0.4825715
0.7709936 5.451749 2.536062 7.071069 -0.4923813
0.7719936 5.45882 2.535565 7.071069 -0.5021912
0.7729936 5.465891 2.535058 7.071069 -0.5120011
0.7739936 5.472962 2.534541 7.071069 -0.5218109
0.7749936 5.480033 2.534014 7.071069 -0.5316208
0.7759936 5.487104 2.533478 7.071069 -0.5414307
0.7769936 5.494175 2.532931 7.071069 -0.5512406
0.7779936 5.501246 2.532375 7.071069 -0.5610504
0.7789935 5.508317 2.531809 7.071069 -0.5708603
0.7799935 5.515388 2.531234 7.071069 -0.5806702
0.7809935 5.522459 2.530648 7.071069 -0.5904801
0.7819935 5.52953 2.530053 7.071069 -0.6002899
0.7829935 5.536601 2.529448 7.071069 -0.6100998
0.7839935 5.543672 2.528833 7.071069 -0.6199097
0.7849935 5.550743 2.528207 7.071069 -0.6297196
0.7859935 5.557814 2.527573 7.071069 -0.6395294
0.7869934 5.564885 2.526928 7.071069 -0.6493393
0.7879934 5.571956 2.526274 7.071069 -0.6591492
0.7889934 5.579027 2.52561 7.071069 -0.6689591
0.7899934 5.586098 2.524936 7.071069 -0.6787689
0.7909934 5.593169 2.524253 7.071069 -0.6885788
0.7919934 5.60024 2.523559 7.071069 -0.6983887
0.7929934 5.607311 2.522856 7.071069 -0.7081985
0.7939934 5.614382 2.522143 7.071069 -0.7180084
0.7949933 5.621453 2.52142 7.071069 -0.7278183
0.7959933 5.628523 2.520687 7.071069 -0.7376282
0.7969933 5.635594 2.519945 7.071069 -0.747438
0.7979933 5.642665 2.519192 7.071069 -0.7572479
0.7989933 5.649736 2.51843 7.071069 -0.7670578
0.7999933 5.656807 2.517658 7.071069 -0.7768677
0.8009933 5.663878 2.516876 7.071069 -0.7866775
0.8019933 5.670949 2.516085 7.071069 -0.7964874
0.8029932 5.67802 2.515284 7.071069 -0.8062973
0.8039932 5.685091 2.514472 7.071069 -0.8161072
0.8049932 5.692163 2.513652 7.071069 -0.825917
0.8059932 5.699234 2.512821 7.071069 -0.8357269
0.8069932 5.706305 2.51198 7.071069 -0.8455368
0.8079932 5.713375 2.511129 7.071069 -0.8553467
0.8089932 5.720446 2.510269 7.071069 -0.8651565
0.8099931 5.727517 2.509399 7.071069 -0.8749664
0.8109931 5.734588 2.508519 7.071069 -0.8847763
0.8119931 5.741659 2.50763 7.071069 -0.8945861
0.8129931 5.74873 2.50673 7.071069 -0.904396
0.8139931 5.755801 2.505821 7.071069 -0.9142059
0.8149931 5.762872 2.504902 7.071069 -0.9240158
0.8159931 5.769943 2.503973 7.071069 -0.9338257
0.8169931 5.777014 2.503034 7.071069 -0.9436355
0.817993 5.784085 2.502085 7.071069 -0.9534454
0.818993 5.791156 2.501127 7.071069 -0.9632553
0.819993 5.798227 2.500159 7.071069 -0.9730651
0.820993 5.805298 2.499181 7.071069 -0.982875
0.821993 5.812369 2.498194 7.071069 -0.9926849
0.822993 5.81944 2.497196 7.071069 -1.002495
0.823993 5.826511 2.496189 7.071069 -1.012305
0.824993 5.833582 2.495171 7.071069 -1.022115
0.8259929 5.840653 2.494144 7.071069 -1.031924
0.8269929 5.847724 2.493108 7.071069 -1.041734
0.8279929 5.854795 2.492061 7.071069 -1.051544
0.8289929 5.861866 2.491004 7.071069 -1.061354
0.8299929 5.868937 2.489938 7.071069 -1.071164
0.8309929 5.876008 2.488862 7.071069 -1.080974
0.8319929 5.883079 2.487776 7.071069 -1.090784
0.8329929 5.89015 2.486681 7.071069 -1.100593
0.8339928 5.897221 2.485575 7.071069 -1.110403
0.8349928 5.904292 2.48446 7.071069 -1.120213
0.8359928 5.911363 2.483335 7.071069 -1.130023
0.8369928 5.918434 2.4822 7.071069 -1.139833
0.8379928 5.925505 2.481055 7.071069 -1.149643
0.8389928 5.932576 2.479901 7.071069 -1.159453
0.8399928 5.939647 2.478736 7.071069 -1.169263
0.8409927 5.946718 2.477562 7.071069 -1.179072
0.8419927 5.953789 2.476378 7.071069 -1.188882
0.8429927 5.960859 2.475184 7.071069 -1.198692
0.8439927 5.96793 2.473981 7.071069 -1.208502
0.8449927 5.975001 2.472767 7.071069 -1.218312
0.8459927 5.982072 2.471544 7.071069 -1.228122
0.8469927 5.989143 2.470311 7.071069 -1.237932
0.8479927 5.996214 2.469069 7.071069 -1.247742
0.8489926 6.003285 2.467816 7.071069 -1.257551
0.8499926 6.010356 2.466553 7.071069 -1.267361
0.8509926 6.017427 2.465281 7.071069 -1.277171
0.8519926 6.024498 2.463999 7.071069 -1.286981
0.8529926 6.031569 2.462707 7.071069 -1.296791
0.8539926 6.03864 2.461405 7.071069 -1.306601
0.8549926 6.045711 2.460094 7.071069 -1.316411
0.8559926 6.052782 2.458773 7.071069 -1.326221
0.8569925 6.059853 2.457442 7.071069 -1.33603
0.8579925 6.066924 2.456101 7.071069 -1.34584
0.8589925 6.073995 2.45475 7.071069 -1.35565
0.8599925 6.081066 2.453389 7.071069 -1.36546
0.8609925 6.088137 2.452019 7.071069 -1.37527
0.8619925 6.095208 2.450639 7.071069 -1.38508
0.8629925 6.102279 2.449249 7.071069 -1.39489
0.8639925 6.10935 2.447849 7.071069 -1.4047
0.8649924 6.116421 2.446439 7.071069 -1.414509
0.8659924 6.123492 2.44502 7.071069 -1.424319
0.8669924 6.130563 2.443591 7.071069 -1.434129
0.8679924 6.137634 2.442152 7.071069 -1.443939
0.8689924 6.144705 2.440703 7.071069 -1.453749
0.8699924 6.151776 2.439245 7.071069 -1.463559
0.8709924 6.158847 2.437776 7.071069 -1.473369
0.8719923 6.165918 2.436298 7.071069 -1.483179
0.8729923 6.172989 2.43481 7.071069 -1.492988
0.8739923 6.18006 2.433311 7.071069 -1.502798
0.8749923 6.187131 2.431804 7.071069 -1.512608
0.8759923 6.194202 2.430286 7.071069 -1.522418
0.8769923 6.201273 2.428759 7.071069 -1.532228
0.8779923 6.208344 2.427222 7.071069 -1.542038
0.8789923 6.215415 2.425675 7.071069 -1.551848
0.8799922 6.222486 2.424119 7.071069 -1.561658
0.8809922 6.229557 2.422552 7.071069 -1.571467
0.8819922 6.236628 2.420976 7.071069 -1.581277
0.8829922 6.243699 2.41939 7.071069 -1.591087
0.8839922 6.25077 2.417794 7.071069 -1.600897
0.8849922 6.257841 2.416188 7.071069 -1.610707
0.8859922 6.264912 2.414572 7.071069 -1.620517
0.8869922 6.271983 2.412947 7.071069 -1.630327
0.8879921 6.279054 2.411311 7.071069 -1.640137
0.8889921 6.286125 2.409667 7.071069 -1.649946
0.8899921 6.293195 2.408012 7.071069 -1.659756
0.8909921 6.300266 2.406347 7.071069 -1.669566
0.8919921 6.307337 2.404673 7.071069 -1.679376
0.8929921 6.314408 2.402988 7.071069 -1.689186
0.8939921 6.321479 2.401294 7.071069 -1.698996
0.8949921 6.32855 2.39959 7.071069 -1.708806
0.895992 6.335621 2.397877 7.071069 -1.718616
0.896992 6.342692 2.396153 7.071069 -1.728425
0.897992 6.349763 2.39442 7.071069 -1.738235
0.898992 6.356834 2.392677 7.071069 -1.748045
0.899992 6.363905 2.390924 7.071069 -1.757855
0.900992 6.370976 2.389161 7.071069 -1.767665
0.901992 6.378047 2.387388 7.071069 -1.777475
0.902992 6.385118 2.385606 7.071069 -1.787285
0.9039919 6.392189 2.383814 7.071069 -1.797095
0.9049919 6.39926 2.382012 7.071069 -1.806904
0.9059919 6.406331 2.3802 7.071069 -1.816714
0.9069919 6.413402 2.378378 7.071069 -1.826524
0.9079919 6.420473 2.376547 7.071069 -1.836334
0.9089919 6.427544 2.374706 7.071069 -1.846144
0.9099919 6.434615 2.372855 7.071069 -1.855954
0.9109918 6.441686 2.370994 7.071069 -1.865764
0.9119918 6.448757 2.369123 7.071069 -1.875574
0.9129918 6.455828 2.367243 7.071069 -1.885383
0.9139918 6.462899 2.365353 7.071069 -1.895193
0.9149918 6.46997 2.363453 7.071069 -1.905003
0.9159918 6.477041 2.361543 7.071069 -1.914813
0.9169918 6.484112 2.359623 7.071069 -1.924623
0.9179918 6.491183 2.357693 7.071069 -1.934433
0.9189917 6.498254 2.355754 7.071069 -1.944243
0.9199917 6.505325 2.353805 7.071069 -1.954052
0.9209917 6.512396 2.351846 7.071069 -1.963862
0.9219917 6.519467 2.349878 7.071069 -1.973672
0.9229917 6.526538 2.347899 7.071069 -1.983482
0.9239917 6.533609 2.345911 7.071069 -1.993292
0.9249917 6.540679 2.343913 7.071069 -2.003102
0.9259917 6.54775 2.341905 7.071069 -2.012912
0.9269916 6.554821 2.339887 7.071069 -2.022722
0.9279916 6.561893 2.337859 7.071069 -2.032531
0.9289916 6.568964 2.335821 7.071069 -2.042341
0.9299916 6.576035 2.333774 7.071069 -2.052151
0.9309916 6.583106 2.331717 7.071069 -2.061961
0.9319916 6.590177 2.32965 7.071069 -2.071771
0.9329916 6.597248 2.327574 7.071069 -2.081581
0.9339916 6.604319 2.325487 7.071069 -2.091391
0.9349915 6.61139 2.323391 7.071069 -2.101201
0.9359915 6.618461 2.321285 7.071069 -2.111011
0.9369915 6.625531 2.319169 7.071069 -2.12082
0.9379915 6.632602 2.317044 7.071069 -2.13063
0.9389915 6.639673 2.314908 7.071069 -2.14044
0.9399915 6.646744 2.312763 7.071069 -2.15025
0.9409915 6.653815 2.310607 7.071069 -2.16006
0.9419914 6.660886 2.308443 7.071069 -2.16987
0.9429914 6.667957 2.306268 7.071069 -2.17968
0.9439914 6.675028 2.304083 7.071069 -2.189489
0.9449914 6.682099 2.301889 7.071069 -2.199299
0.9459914 6.68917 2.299685 7.071069 -2.209109
0.9469914 6.696241 2.297471 7.071069 -2.218919
0.9479914 6.703312 2.295247 7.071069 -2.228729
0.9489914 6.710383 2.293014 7.071069 -2.238539
0.9499913 6.717454 2.29077 7.071069 -2.248349
0.9509913 6.724525 2.288517 7.071069 -2.258159
0.9519913 6.731596 2.286253 7.071069 -2.267968
0.9529913 6.738667 2.283981 7.071069 -2.277778
0.9539913 6.745738 2.281698 7.071069 -2.287588
0.9549913 6.752809 2.279406 7.071069 -2.297398
0.9559913 6.75988 2.277103 7.071069 -2.307208
0.9569913 6.766951 2.274791 7.071069 -2.317018
0.9579912 6.774022 2.27247 7.071069 -2.326828
0.9589912 6.781093 2.270138 7.071069 -2.336637
0.9599912 6.788164 2.267797 7.071069 -2.346447
0.9609912 6.795235 2.265445 7.071069 -2.356257
0.9619912 6.802306 2.263084 7.071069 -2.366067
0.9629912 6.809377 2.260713 7.071069 -2.375877
0.9639912 6.816448 2.258332 7.071069 -2.385687
0.9649912 6.823519 2.255941 7.071069 -2.395497
0.9659911 6.83059 2.253541 7.071069 -2.405307
0.9669911 6.837661 2.251131 7.071069 -2.415117
0.9679911 6.844732 2.248711 7.071069 -2.424927
0.9689911 6.851803 2.246281 7.071069 -2.434736
0.9699911 6.858874 2.243842 7.071069 -2.444546
0.9709911 6.865945 2.241392 7.071069 -2.454356
0.9719911 6.873015 2.238933 7.071069 -2.464166
0.972991 6.880086 2.236464 7.071069 -2.473976
0.973991 6.887157 2.233985 7.071069 -2.483786
0.974991 6.894228 2.231496 7.071069 -2.493596
0.975991 6.901299 2.228998 7.071069 -2.503405
0.976991 6.90837 2.22649 7.071069 -2.513215
0.977991 6.915442 2.223972 7.071069 -2.523025
0.978991 6.922513 2.221444 7.071069 -2.532835
0.979991 6.929584 2.218906 7.071069 -2.542645
0.9809909 6.936655 2.216359 7.071069 -2.552455
0.9819909 6.943726 2.213801 7.071069 -2.562265
0.9829909 6.950797 2.211234 7.071069 -2.572075
0.9839909 6.957867 2.208657 7.071069 -2.581884
0.9849909 6.964938 2.20607 7.071069 -2.591694
0.9859909 6.972009 2.203474 7.071069 -2.601504
0.9869909 6.97908 2.200867 7.071069 -2.611314
0.9879909 6.986151 2.198251 7.071069 -2.621124
0.9889908 6.993222 2.195625 7.071069 -2.630934
0.9899908 7.000293 2.192989 7.071069 -2.640744
0.9909908 7.007364 2.190344 7.071069 -2.650553
0.9919908 7.014435 2.187689 7.071069 -2.660363
0.9929908 7.021506 2.185023 7.071069 -2.670173
0.9939908 7.028577 2.182348 7.071069 -2.679983
0.9949908 7.035648 2.179663 7.071069 -2.689793
0.9959908 7.042719 2.176968 7.071069 -2.699603
0.9969907 7.04979 2.174264 7.071069 -2.709413
0.9979907 7.056861 2.17155 7.071069 -2.719223
0.9989907 7.063932 2.168826 7.071069 -2.729033
0.9999907 7.071003 2.166092 7.071069 -2.738842
1.000991 7.078074 2.163348 7.071069 -2.748653
1.001991 7.085146 2.160594 7.071069 -2.758463
1.002991 7.092217 2.15783 7.071069 -2.768274
1.003991 7.099288 2.155057 7.071069 -2.778084
1.004991 7.10636 2.152274 7.071069 -2.787895
1.005991 7.113431 2.149482 7.071069 -2.797705
1.006991 7.120503 2.146679 7.071069 -2.807516
1.007991 7.127574 2.143866 7.071069 -2.817326
1.008991 7.134645 2.141044 7.071069 -2.827137
1.009991 7.141717 2.138211 7.071069 -2.836947
1.010991 7.148788 2.13537 7.071069 -2.846757
1.011991 7.15586 2.132518 7.071069 -2.856568
1.012991 7.162931 2.129656 7.071069 -2.866378
1.013991 7.170002 2.126785 7.071069 -2.876189
1.014991 7.177074 2.123904 7.071069 -2.885999
1.015991 7.184145 2.121013 7.071069 -2.89581
1.016991 7.191217 2.118112 7.071069 -2.90562
1.017992 7.198288 2.115201 7.071069 -2.915431
1.018992 7.205359 2.11228 7.071069 -2.925241
1.019992 7.212431 2.10935 7.071069 -2.935052
1.020992 7.219502 2.10641 7.071069 -2.944862
1.021992 7.226574 2.103461 7.071069 -2.954673
1.022992 7.233645 2.1005 7.071069 -2.964483
1.023992 7.240716 2.097531 7.071069 -2.974293
1.024992 7.247788 2.094552 7.071069 -2.984104
1.025992 7.254859 2.091563 7.071069 -2.993914
1.026992 7.261931 2.088564 7.071069 -3.003725
1.027992 7.269002 2.085555 7.071069 -3.013535
1.028992 7.276073 2.082536 7.071069 -3.023346
1.029992 7.283145 2.079508 7.071069 -3.033156
1.030992 7.290216 2.07647 7.071069 -3.042967
1.031992 7.297288 2.073422 7.071069 -3.052777
1.032992 7.304359 2.070364 7.071069 -3.062587
1.033992 7.31143 2.067296 7.071069 -3.072398
1.034992 7.318502 2.064219 7.071069 -3.082208
1.035992 7.325573 2.061131 7.071069 -3.092019
1.036992 7.332645 2.058034 7.071069 -3.101829
1.037992 7.339716 2.054927 7.071069 -3.11164
1.038993 7.346787 2.051811 7.071069 -3.12145
1.039993 7.353859 2.048684 7.071069 -3.131261
1.040993 7.36093 2.045548 7.071069 -3.141071
1.041993 7.368002 2.042402 7.071069 -3.150882
1.042993 7.375073 2.039246 7.071069 -3.160692
1.043993 7.382144 2.03608 7.071069 -3.170503
1.044993 7.389216 2.032905 7.071069 -3.180313
1.045993 7.396287 2.029719 7.071069 -3.190124
1.046993 7.403359 2.026524 7.071069 -3.199934
1.047993 7.41043 2.023319 7.071069 -3.209744
1.048993 7.417501 2.020104 7.071069 -3.219555
1.049993 7.424573 2.01688 7.071069 -3.229365
1.050993 7.431644 2.013645 7.071069 -3.239176
1.051993 7.438716 2.010401 7.071069 -3.248986
1.052993 7.445787 2.007147 7.071069 -3.258797
1.053993 7.452858 2.003883 7.071069 -3.268607
1.054993 7.45993 2.00061 7.071069 -3.278418
1.055993 7.467001 1.997326 7.071069 -3.288228
1.056993 7.474073 1.994033 7.071069 -3.298038
1.057993 7.481144 1.99073 7.071069 -3.307849
1.058993 7.488215 1.987417 7.071069 -3.317659
1.059994 7.495287 1.984094 7.071069 -3.32747
1.060994 7.502358 1.980762 7.071069 -3.33728
1.061994 7.50943 1.977419 7.071069 -3.347091
1.062994 7.516501 1.974067 7.071069 -3.356901
1.063994 7.523572 1.970705 7.071069 -3.366712
1.064994 7.530644 1.967333 7.071069 -3.376522
1.065994 7.537715 1.963952 7.071069 -3.386333
1.066994 7.544787 1.96056 7.071069 -3.396143
1.067994 7.551858 1.957159 7.071069 -3.405954
1.068994 7.558929 1.953748 7.071069 -3.415764
1.069994 7.566001 1.950327 7.071069 -3.425575
1.070994 7.573072 1.946896 7.071069 -3.435385
1.071994 7.580144 1.943456 7.071069 -3.445195
1.072994 7.587215 1.940006 7.071069 -3.455006
1.073994 7.594286 1.936546 7.071069 -3.464816
1.074994 7.601358 1.933076 7.071069 -3.474627
1.075994 7.608429 1.929596 7.071069 -3.484437
1.076994 7.615501 1.926107 7.071069 -3.494248
1.077994 7.622572 1.922607 7.071069 -3.504058
1.078994 7.629643 1.919098 7.071069 -3.513869
1.079994 7.636715 1.915579 7.071069 -3.523679
1.080994 7.643786 1.91205 7.071069 -3.533489
1.081995 7.650858 1.908512 7.071069 -3.5433
1.082995 7.657929 1.904964 7.071069 -3.55311
1.083995 7.665 1.901405 7.071069 -3.562921
1.084995 7.672072 1.897838 7.071069 -3.572731
1.085995 7.679143 1.894259 7.071069 -3.582542
1.086995 7.686215 1.890672 7.071069 -3.592352
1.087995 7.693286 1.887075 7.071069 -3.602163
1.088995 7.700357 1.883467 7.071069 -3.611973
1.089995 7.707429 1.879851 7.071069 -3.621784
1.090995 7.7145 1.876223 7.071069 -3.631594
1.091995 7.721572 1.872587 7.071069 -3.641405
1.092995 7.728643 1.86894 7.071069 -3.651215
1.093995 7.735714 1.865284 7.071069 -3.661026
1.094995 7.742786 1.861618 7.071069 -3.670836
1.095995 7.749857 1.857942 7.071069 -3.680646
1.096995 7.756929 1.854256 7.071069 -3.690457
1.097995 7.764 1.850561 7.071069 -3.700267
1.098995 7.771071 1.846856 7.071069 -3.710078
1.099995 7.778143 1.84314 7.071069 -3.719888
1.100995 7.785214 1.839415 7.071069 -3.729699
1.101995 7.792286 1.83568 7.071069 -3.739509
1.102996 7.799357 1.831936 7.071069 -3.74932
1.103996 7.806428 1.828182 7.071069 -3.75913
1.104996 7.8135 1.824417 7.071069 -3.76894
1.105996 7.820571 1.820643 7.071069 -3.778751
1.106996 7.827643 1.816859 7.071069 -3.788561
1.107996 7.834714 1.813066 7.071069 -3.798372
1.108996 7.841785 1.809263 7.071069 -3.808182
1.109996 7.848857 1.805449 7.071069 -3.817993
1.110996 7.855928 1.801626 7.071069 -3.827803
1.111996 7.863 1.797793 7.071069 -3.837614
1.112996 7.870071 1.79395 7.071069 -3.847424
1.113996 7.877142 1.790098 7.071069 -3.857235
1.114996 7.884214 1.786235 7.071069 -3.867045
1.115996 7.891285 1.782363 7.071069 -3.876856
1.116996 7.898357 1.778481 7.071069 -3.886666
1.117996 7.905428 1.77459 7.071069 -3.896477
1.118996 7.912499 1.770688 7.071069 -3.906287
1.119996 7.919571 1.766777 7.071069 -3.916097
1.120996 7.926642 1.762856 7.071069 -3.925908
1.121996 7.933714 1.758925 7.071069 -3.935718
1.122996 7.940785 1.754984 7.071069 -3.945529
1.123996 7.947856 1.751033 7.071069 -3.955339
1.124997 7.954928 1.747073 7.071069 -3.96515
1.125997 7.961999 1.743102 7.071069 -3.97496
1.126997 7.969071 1.739123 7.071069 -3.984771
1.127997 7.976142 1.735133 7.071069 -3.994581
1.128997 7.983213 1.731133 7.071069 -4.004392
1.129997 7.990285 1.727123 7.071069 -4.014202
1.130997 7.997356 1.723104 7.071069 -4.024013
1.131997 8.004428 1.719075 7.071069 -4.033823
1.132997 8.011499 1.715036 7.071069 -4.043633
1.133997 8.018571 1.710988 7.071069 -4.053444
1.134997 8.025641 1.706929 7.071069 -4.063254
1.135997 8.032713 1.702861 7.071069 -4.073065
1.136997 8.039784 1.698782 7.071069 -4.082875
1.137997 8.046856 1.694694 7.071069 -4.092686
1.138997 8.053927 1.690596 7.071069 -4.102496
1.139997 8.060999 1.686489 7.071069 -4.112307
1.140997 8.06807 1.682372 7.071069 -4.122117
1.141997 8.075142 1.678244 7.071069 -4.131927
1.142997 8.082213 1.674108 7.071069 -4.141738
1.143997 8.089285 1.669961 7.071069 -4.151548
1.144997 8.096355 1.665804 7.071069 -4.161359
1.145998 8.103427 1.661638 7.071069 -4.171169
1.146998 8.110498 1.657461 7.071069 -4.18098
1.147998 8.11757 1.653275 7.071069 -4.19079
1.148998 8.124641 1.649079 7.071069 -4.200601
1.149998 8.131713 1.644873 7.071069 -4.210411
1.150998 8.138784 1.640658 7.071069 -4.220222
1.151998 8.145856 1.636433 7.071069 -4.230032
1.152998 8.152927 1.632198 7.071069 -4.239842
1.153998 8.159999 1.627953 7.071069 -4.249653
1.154998 8.167069 1.623698 7.071069 -4.259463
1.155998 8.174141 1.619433 7.071069 -4.269274
1.156998 8.181212 1.615158 7.071069 -4.279084
1.157998 8.188284 1.610874 7.071069 -4.288895
1.158998 8.195355 1.60658 7.071069 -4.298705
1.159998 8.202427 1.602277 7.071069 -4.308516
1.160998 8.209498 1.597963 7.071069 -4.318326
1.161998 8.21657 1.59364 7.071069 -4.328136
1.162998 8.223641 1.589307 7.071069 -4.337947
1.163998 8.230713 1.584964 7.071069 -4.347758
1.164998 8.237783 1.580611 7.071069 -4.357568
1.165998 8.244855 1.576248 7.071069 -4.367379
1.166999 8.251926 1.571875 7.071069 -4.377189
1.167999 8.258998 1.567493 7.071069 -4.387
1.168999 8.266069 1.563101 7.071069 -4.39681
1.169999 8.273141 1.558699 7.071069 -4.406621
1.170999 8.280212 1.554287 7.071069 -4.416431
1.171999 8.287284 1.549866 7.071069 -4.426241
1.172999 8.294355 1.545435 7.071069 -4.436052
1.173999 8.301427 1.540994 7.071069 -4.445862
1.174999 8.308497 1.536543 7.071069 -4.455673
1.175999 8.315569 1.532081 7.071069 -4.465483
1.176999 8.32264 1.527611 7.071069 -4.475294
1.177999 8.329712 1.52313 7.071069 -4.485104
1.178999 8.336783 1.51864 7.071069 -4.494915
1.179999 8.343855 1.51414 7.071069 -4.504725
1.180999 8.350926 1.509631 7.071069 -4.514535
1.181999 8.357998 1.505111 7.071069 -4.524346
1.182999 8.365069 1.500582 7.071069 -4.534156
1.183999 8.372141 1.496042 7.071069 -4.543967
1.184999 8.379211 1.491493 7.071069 -4.553777
1.185999 8.386283 1.486934 7.071069 -4.563588
1.186999 8.393354 1.482365 7.071069 -4.573398
1.187999 8.400426 1.477787 7.071069 -4.583209
1.189 8.407497 1.473199 7.071069 -4.593019
1.19 8.414569 1.4686 7.071069 -4.602829
1.191 8.42164 1.463993 7.071069 -4.61264
1.192 8.428712 1.459375 7.071069 -4.62245
1.193 8.435783 1.454747 7.071069 -4.632261
1.194 8.442855 1.45011 7.071069 -4.642071
1.195 8.449925 1.445462 7.071069 -4.651882
1.196 8.456997 1.440805 7.071069 -4.661692
1.197 8.464068 1.436139 7.071069 -4.671503
1.198 8.47114 1.431462 7.071069 -4.681313
1.199 8.478211 1.426776 7.071069 -4.691123
1.2 8.485283 1.422079 7.071069 -4.700934
1.201 8.492354 1.417374 7.071069 -4.710744
1.202 8.499426 1.412658 7.071069 -4.720555
1.203 8.506497 1.407932 7.071069 -4.730365
1.204 8.513569 1.403197 7.071069 -4.740176
1.205 8.520639 1.398451 7.071069 -4.749986
1.206 8.527711 1.393696 7.071069 -4.759797
1.207 8.534782 1.388931 7.071069 -4.769607
1.208 8.541854 1.384156 7.071069 -4.779418
1.209 8.548925 1.379372 7.071069 -4.789228
1.210001 8.555997 1.374577 7.071069 -4.799039
1.211001 8.563068 1.369773 7.071069 -4.808849
1.212001 8.57014 1.364959 7.071069 -4.81866
1.213001 8.577211 1.360136 7.071069 -4.82847
1.214001 8.584283 1.355302 7.071069 -4.838281
1.215001 8.591353 1.350458 7.071069 -4.848091
1.216001 8.598425 1.345605 7.071069 -4.857902
1.217001 8.605496 1.340742 7.071069 -4.867712
1.218001 8.612568 1.335869 7.071069 -4.877522
1.219001 8.619639 1.330987 7.071069 -4.887333
1.220001 8.626711 1.326094 7.071069 -4.897143
1.221001 8.633782 1.321192 7.071069 -4.906954
1.222001 8.640854 1.31628 7.071069 -4.916764
1.223001 8.647925 1.311358 7.071069 -4.926575
1.224001 8.654997 1.306426 7.071069 -4.936385
1.225001 8.662067 1.301484 7.071069 -4.946196
1.226001 8.669139 1.296533 7.071069 -4.956006
1.227001 8.67621 1.291572 7.071069 -4.965816
1.228001 8.683282 1.286601 7.071069 -4.975627
1.229001 8.690353 1.281621 7.071069 -4.985437
1.230001 8.697425 1.27663 7.071069 -4.995248
1.231001 8.704496 1.27163 7.071069 -5.005058
1.232002 8.711568 1.26662 7.071069 -5.014869
1.233002 8.718639 1.2616 7.071069 -5.024679
1.234002 8.725711 1.256569 7.071069 -5.03449
1.235002 8.732781 1.25153 7.071069 -5.0443
1.236002 8.739853 1.24648 7.071069 -5.054111
1.237002 8.746924 1.241421 7.071069 -5.063921
1.238002 8.753996 1.236352 7.071069 -5.073731
1.239002 8.761067 1.231273 7.071069 -5.083542
1.240002 8.768139 1.226185 7.071069 -5.093352
1.241002 8.77521 1.221086 7.071069 -5.103163
1.242002 8.782282 1.215978 7.071069 -5.112973
1.243002 8.789353 1.21086 7.071069 -5.122784
1.244002 8.796425 1.205731 7.071069 -5.132594
1.245002 8.803495 1.200594 7.071069 -5.142405
1.246002 8.810567 1.195446 7.071069 -5.152215
1.247002 8.817638 1.190289 7.071069 -5.162025
1.248002 8.82471 1.185122 7.071069 -5.171836
1.249002 8.831781 1.179945 7.071069 -5.181646
1.250002 8.838853 1.174758 7.071069 -5.191457
1.251002 8.845924 1.169562 7.071069 -5.201267
1.252002 8.852996 1.164356 7.071069 -5.211078
1.253003 8.860067 1.159138 7.071069 -5.220889
1.254003 8.867139 1.153912 7.071069 -5.230699
1.255003 8.874209 1.148677 7.071069 -5.24051
1.256003 8.881281 1.143431 7.071069 -5.25032
1.257003 8.888352 1.138176 7.071069 -5.26013
1.258003 8.895424 1.132911 7.071069 -5.269941
1.259003 8.902495 1.127636 7.071069 -5.279751
1.260003 8.909567 1.122351 7.071069 -5.289562
1.261003 8.916638 1.117056 7.071069 -5.299372
1.262003 8.92371 1.111752 7.071069 -5.309183
1.263003 8.930781 1.106436 7.071069 -5.318993
1.264003 8.937853 1.101112 7.071069 -5.328804
1.265003 8.944923 1.095779 7.071069 -5.338614
1.266003 8.951995 1.090435 7.071069 -5.348424
1.267003 8.959066 1.085081 7.071069 -5.358235
1.268003 8.966138 1.079718 7.071069 -5.368045
1.269003 8.973209 1.074345 7.071069 -5.377856
1.270003 8.980281 1.068962 7.071069 -5.387666
1.271003 8.987352 1.063569 7.071069 -5.397477
1.272003 8.994424 1.058167 7.071069 -5.407287
1.273003 9.001495 1.052754 7.071069 -5.417098
1.274004 9.008567 1.047331 7.071069 -5.426908
1.275004 9.015637 1.041899 7.071069 -5.436718
1.276004 9.022709 1.036458 7.071069 -5.446529
1.277004 9.02978 1.031006 7.071069 -5.456339
1.278004 9.036852 1.025545 7.071069 -5.46615
1.279004 9.043923 1.020074 7.071069 -5.47596
1.280004 9.050995 1.014593 7.071069 -5.485771
1.281004 9.058066 1.009102 7.071069 -5.495581
1.282004 9.065138 1.003601 7.071069 -5.505392
1.283004 9.072209 0.9980896 7.071069 -5.515202
1.284004 9.079281 0.9925693 7.071069 -5.525012
1.285004 9.086351 0.9870392 7.071069 -5.534823
1.286004 9.093423 0.9814994 7.071069 -5.544633
1.287004 9.100494 0.9759496 7.071069 -5.554444
1.288004 9.107566 0.9703901 7.071069 -5.564254
1.289004 9.114637 0.9648208 7.071069 -5.574065
1.290004 9.121709 0.9592417 7.071069 -5.583875
1.291004 9.12878 0.9536527 7.071069 -5.593686
1.292004 9.135852 0.948053 7.071069 -5.603496
1.293004 9.142923 0.9424444 7.071069 -5.613307
1.294004 9.149995 0.9368261 7.071069 -5.623117
1.295004 9.157065 0.9311979 7.071069 -5.632927
1.296005 9.164137 0.9255599 7.071069 -5.642738
1.297005 9.171208 0.9199121 7.071069 -5.652549
1.298005 9.17828 0.9142545 7.071069 -5.662359
1.299005 9.185351 0.908587 7.071069 -5.67217
1.300005 9.192423 0.9029098 7.071069 -5.68198
1.301005 9.199494 0.8972228 7.071069 -5.691791
1.302005 9.206566 0.8915249 7.071069 -5.701601
1.303005 9.213637 0.8858182 7.071069 -5.711411
1.304005 9.220708 0.8801018 7.071069 -5.721222
1.305005 9.227779 0.8743755 7.071069 -5.731032
1.306005 9.234851 0.8686393 7.071069 -5.740843
1.307005 9.241922 0.8628935 7.071069 -5.750653
1.308005 9.248994 0.8571377 7.071069 -5.760464
1.309005 9.256065 0.8513722 7.071069 -5.770274
1.310005 9.263137 0.8455968 7.071069 -5.780085
1.311005 9.270208 0.8398117 7.071069 -5.789895
1.312005 9.27728 0.8340157 7.071069 -5.799706
1.313005 9.284351 0.8282109 7.071069 -5.809516
1.314005 9.291422 0.8223963 7.071069 -5.819326
1.315005 9.298493 0.816572 7.071069 -5.829137
1.316005 9.305565 0.8107377 7.071069 -5.838947
1.317006 9.312636 0.8048937 7.071069 -5.848758
1.318006 9.319708 0.7990399 7.071069 -5.858568
1.319006 9.326779 0.7931762 7.071069 -5.868379
1.320006 9.333851 0.7873028 7.071069 -5.878189
1.321006 9.340922 0.7814186 7.071069 -5.888
1.322006 9.347994 0.7755255 7.071069 -5.89781
1.323006 9.355065 0.7696226 7.071069 -5.90762
1.324006 9.362136 0.7637098 7.071069 -5.917431
1.325006 9.369207 0.7577873 7.071069 -5.927241
1.326006 9.376279 0.751855 7.071069 -5.937052
1.327006 9.38335 0.7459129 7.071069 -5.946862
1.328006 9.390422 0.739961 7.071069 -5.956673
1.329006 9.397493 0.7339992 7.071069 -5.966483
1.330006 9.404565 0.7280276 7.071069 -5.976294
1.331006 9.411636 0.7220453 7.071069 -5.986104
1.332006 9.418708 0.7160541 7.071069 -5.995914
1.333006 9.425779 0.7100531 7.071069 -6.005725
1.334006 9.43285 0.7040423 7.071069 -6.015535
1.335006 9.439921 0.6980217 7.071069 -6.025346
1.336006 9.446993 0.6919912 7.071069 -6.035156
1.337006 9.454064 0.685951 7.071069 -6.044967
1.338006 9.461136 0.6799009 7.071069 -6.054777
1.339007 9.468207 0.6738411 7.071069 -6.064588
1.340007 9.475279 0.6677713 7.071069 -6.074398
1.341007 9.48235 0.661691 7.071069 -6.084208
1.342007 9.489422 0.6556016 7.071069 -6.094019
1.343007 9.496493 0.6495025 7.071069 -6.10383
1.344007 9.503564 0.6433936 7.071069 -6.11364
1.345007 9.510635 0.6372749 7.071069 -6.123451
1.346007 9.517707 0.6311463 7.071069 -6.133261
1.347007 9.524778 0.625008 7.071069 -6.143072
1.348007 9.53185 0.6188598 7.071069 -6.152882
1.349007 9.538921 0.6127018 7.071069 -6.162693
1.350007 9.545993 0.606534 7.071069 -6.172503
1.351007 9.553064 0.6003554 7.071069 -6.182313
1.352007 9.560136 0.5941681 7.071069 -6.192124
1.353007 9.567207 0.5879709 7.071069 -6.201934
1.354007 9.574278 0.5817638 7.071069 -6.211745
1.355007 9.581349 0.575547 7.071069 -6.221555
1.356007 9.588421 0.5693203 7.071069 -6.231366
1.357007 9.595492 0.5630838 7.071069 -6.241176
1.358007 9.602564 0.5568376 7.071069 -6.250987
1.359007 9.609635 0.5505815 7.071069 -6.260797
1.360008 9.616707 0.5443146 7.071069 -6.270607
1.361008 9.623778 0.5380389 7.071069 -6.280418
1.362008 9.63085 0.5317534 7.071069 -6.290228
1.363008 9.637921 0.5254581 7.071069 -6.300039
1.364008 9.644992 0.5191529 7.071069 -6.309849
1.365008 9.652063 0.512838 7.071069 -6.31966
1.366008 9.659135 0.5065132 7.071069 -6.32947
1.367008 9.666206 0.5001786 7.071069 -6.339281
1.368008 9.673278 0.4938343 7.071069 -6.349091
1.369008 9.680349 0.4874801 7.071069 -6.358902
1.370008 9.687421 0.4811151 7.071069 -6.368712
1.371008 9.694492 0.4747413 7.071069 -6.378522
1.372008 9.701564 0.4683577 7.071069 -6.388333
1.373008 9.708635 0.4619642 7.071069 -6.398143
1.374008 9.715706 0.455561 7.071069 -6.407954
1.375008 9.722777 0.4491479 7.071069 -6.417764
1.376008 9.729849 0.4427251 7.071069 -6.427575
1.377008 9.73692 0.4362924 7.071069 -6.437385
1.378008 9.743992 0.4298499 7.071069 -6.447196
1.379008 9.751063 0.4233976 7.071069 -6.457006
1.380008 9.758135 0.4169345 7.071069 -6.466816
1.381009 9.765206 0.4104626 7.071069 -6.476627
1.382009 9.772278 0.4039809 7.071069 -6.486437
1.383009 9.779349 0.3974893 7.071069 -6.496248
1.384009 9.78642 0.3909879 7.071069 -6.506058
1.385009 9.793491 0.3844768 7.071069 -6.515869
1.386009 9.800563 0.3779558 7.071069 -6.52568
1.387009 9.807634 0.371425 7.071069 -6.53549
1.388009 9.814706 0.3648844 7.071069 -6.5453
1.389009 9.821777 0.358333 7.071069 -6.555111
1.390009 9.828849 0.3517728 7.071069 -6.564921
1.391009 9.83592 0.3452028 7.071069 -6.574732
1.392009 9.842992 0.3386229 7.071069 -6.584542
1.393009 9.850063 0.3320333 7.071069 -6.594353
1.394009 9.857134 0.3254338 7.071069 -6.604163
1.395009 9.864205 0.3188245 7.071069 -6.613974
1.396009 9.871277 0.3122054 7.071069 -6.623784
1.397009 9.878348 0.3055765 7.071069 -6.633595
1.398009 9.88542 0.2989378 7.071069 -6.643405
1.399009 9.892491 0.2922883 7.071069 -6.653215
1.400009 9.899563 0.28563 7.071069 -6.663026
1.401009 9.906634 0.2789619 7.071069 -6.672836
1.402009 9.913706 0.2722839 7.071069 -6.682647
1.40301 9.920777 0.2655962 7.071069 -6.692457
1.40401 9.927848 0.2588986 7.071069 -6.702268
1.40501 9.934919 0.2521912 7.071069 -6.712078
1.40601 9.941991 0.245474 7.071069 -6.721889
1.40701 9.949062 0.238747 7.071069 -6.731699
1.40801 9.956134 0.2320101 7.071069 -6.741509
1.40901 9.963205 0.2252626 7.071069 -6.75132
1.41001 9.970277 0.2185061 7.071069 -6.76113
1.41101 9.977348 0.2117399 7.071069 -6.770941
1.41201 9.98442 0.2049638 7.071069 -6.780751
1.41301 9.991491 0.1981779 7.071069 -6.790562
1.41401 9.998562 0.1913822 7.071069 -6.800372
1.41501 10.00563 0.1845767 7.071069 -6.810183
1.41601 10.0127 0.1777614 7.071069 -6.819993
1.41701 10.01978 0.1709363 7.071069 -6.829803
1.41801 10.02685 0.1641004 7.071069 -6.839614
1.41901 10.03392 0.1572557 7.071069 -6.849424
1.42001 10.04099 0.1504011 7.071069 -6.859235
1.42101 10.04806 0.1435368 7.071069 -6.869045
1.42201 10.05513 0.1366626 7.071069 -6.878856
1.42301 10.06221 0.1297786 7.071069 -6.888666
1.424011 10.06928 0.1228848 7.071069 -6.898477
1.425011 10.07635 0.1159812 7.071069 -6.908287
1.426011 10.08342 0.1090678 7.071069 -6.918097
1.427011 10.09049 0.1021446 7.071069 -6.927908
1.428011 10.09756 0.09521057 7.071069 -6.937718
1.429011 10.10463 0.08826773 7.071069 -6.947529
1.430011 10.1117 0.08131507 7.071069 -6.957339
1.431011 10.11878 0.07435259 7.071069 -6.96715
1.432011 10.12585 0.06738031 7.071069 -6.976961
1.433011 10.13292 0.06039822 7.071069 -6.986771
1.434011 10.13999 0.05340631 7.071069 -6.996582
1.435011 10.14706 0.0464046 7.071069 -7.006392
1.436011 10.15413 0.03939307 7.071069 -7.016202
1.437011 10.1612 0.03237173 7.071069 -7.026013
1.438011 10.16828 0.02533963 7.071069 -7.035823
1.439011 10.17535 0.01829867 7.071069 -7.045634
1.440011 10.18242 0.0112479 7.071069 -7.055444
1.441011 10.18949 0.004187323 7.071069 -7.065255
