0 0.9685697 0 -0.2487423 -0 6.082618 0
0.01 0.9666604 0.0607862 -0.2487423 -0.3817374 6.070627 0
0.02 0.96094 0.1213327 -0.2487423 -0.7619697 6.034703 0
0.03 0.951431 0.181401 -0.2487423 -1.139198 5.974987 0
0.04 0.938171 0.2407539 -0.2487423 -1.511935 5.891714 0
0.05 0.9212122 0.2991578 -0.2487423 -1.878711 5.785213 0
0.05999999 0.9006215 0.3563822 -0.2487423 -2.23808 5.655903 0
0.06999999 0.87648 0.4122015 -0.2487423 -2.588625 5.504295 0
0.07999999 0.848883 0.4663957 -0.2487423 -2.928965 5.330985 0
0.08999999 0.8179392 0.5187511 -0.2487423 -3.257757 5.136658 0
0.09999999 0.7837707 0.5690613 -0.2487423 -3.573705 4.92208 0
0.11 0.7465121 0.617128 -0.2487423 -3.875564 4.688096 0
0.12 0.7063103 0.6627616 -0.2487423 -4.162143 4.435629 0
0.13 0.6633239 0.7057823 -0.2487423 -4.432313 4.165675 0
0.14 0.6177224 0.7460203 -0.2487423 -4.685008 3.879297 0
0.15 0.5696853 0.7833172 -0.2487423 -4.919232 3.577624 0
0.16 0.5194024 0.8175258 -0.2487423 -5.134062 3.261847 0
0.17 0.4670715 0.8485113 -0.2487423 -5.328651 2.933209 0
0.18 0.4128993 0.8761515 -0.2487423 -5.502232 2.593008 0
0.19 0.3570991 0.9003374 -0.2487423 -5.654119 2.242583 0
0.2 0.2998911 0.9209737 -0.2487423 -5.783715 1.883316 0
0.21 0.2415008 0.937979 -0.2487423 -5.890508 1.516625 0
0.22 0.1821583 0.9512863 -0.2487423 -5.974078 1.143954 0
0.23 0.1220976 0.9608431 -0.2487423 -6.034094 0.7667732 0
0.24 0.06155573 0.9666117 -0.2487423 -6.070322 0.38657 0
0.25 0.0007710162 0.9685694 -0.2487423 -6.082616 0.004841982 0
0.26 -0.06001662 0.9667084 -0.2487423 -6.070929 -0.3769044 0
0.27 -0.1205676 0.9610363 -0.2487423 -6.035308 -0.7571648 0
0.28 -0.1806433 0.9515751 -0.2487423 -5.975892 -1.13444 0
0.29 -0.2400068 0.9383624 -0.2487423 -5.892916 -1.507243 0
0.3 -0.298424 0.9214501 -0.2487423 -5.786707 -1.874103 0
0.31 -0.3556648 0.900905 -0.2487423 -5.657684 -2.233575 0
0.32 -0.4115033 0.876808 -0.2487423 -5.506354 -2.584241 0
0.33 -0.4657195 0.8492541 -0.2487423 -5.333316 -2.924718 0
0.3399999 -0.5180994 0.8183521 -0.2487423 -5.139251 -3.253664 0
0.3499999 -0.5684368 0.7842237 -0.2487423 -4.924925 -3.569783 0
0.3599999 -0.6165331 0.7470035 -0.2487423 -4.691182 -3.871828 0
0.3699999 -0.6621987 0.7068381 -0.2487423 -4.438943 -4.158608 0
0.3799999 -0.7052535 0.6638861 -0.2487423 -4.169205 -4.428992 0
0.3899999 -0.7455279 0.6183166 -0.2487423 -3.883028 -4.681915 0
0.3999999 -0.782863 0.5703094 -0.2487423 -3.581543 -4.916379 0
0.4099999 -0.8171116 0.5200537 -0.2487423 -3.265938 -5.131461 0
0.4199999 -0.8481387 0.4677477 -0.2487423 -2.937456 -5.326311 0
0.4299999 -0.875822 0.4135976 -0.2487423 -2.597393 -5.500162 0
0.4399998 -0.9000524 0.3578169 -0.2487423 -2.24709 -5.652329 0
0.4499998 -0.9207343 0.3006255 -0.2487423 -1.887928 -5.782211 0
0.4599998 -0.9377861 0.2422488 -0.2487423 -1.521323 -5.889297 0
0.4699998 -0.9511407 0.1829171 -0.2487423 -1.148719 -5.973164 0
0.4799998 -0.9607454 0.1228642 -0.2487423 -0.7715871 -6.033481 0
0.4899998 -0.9665623 0.0623269 -0.2487423 -0.3914129 -6.070011 0
0.4999998 -0.9685685 0.001543648 -0.2487423 -0.009694112 -6.08261 0
0.5099998 -0.966756 -0.05924545 -0.2487423 0.3720615 -6.071228 0
0.5199998 -0.9611321 -0.119801 -0.2487423 0.7523502 -6.03591 0
0.5299998 -0.9517189 -0.1798842 -0.2487423 1.129673 -5.976795 0
0.5399998 -0.9385536 -0.2392582 -0.2487423 1.502541 -5.894116 0
0.5499998 -0.9216878 -0.2976891 -0.2487423 1.869488 -5.788199 0
0.5599998 -0.9011884 -0.3549462 -0.2487423 2.229062 -5.659463 0
0.5699998 -0.8771359 -0.4108039 -0.2487423 2.579848 -5.508414 0
0.5799997 -0.8496253 -0.465042 -0.2487423 2.920464 -5.335647 0
0.5899997 -0.8187651 -0.5174465 -0.2487423 3.249564 -5.141845 0
0.5999997 -0.7846768 -0.5678112 -0.2487423 3.565854 -4.927771 0
0.6099997 -0.7474949 -0.6159371 -0.2487423 3.868085 -4.694268 0
0.6199997 -0.7073661 -0.6616347 -0.2487423 4.155066 -4.442259 0
0.6299997 -0.6644484 -0.7047238 -0.2487423 4.425665 -4.172736 0
0.6399997 -0.6189112 -0.7450343 -0.2487423 4.678816 -3.886762 0
0.6499997 -0.5709335 -0.782408 -0.2487423 4.913522 -3.585462 0
0.6599997 -0.520705 -0.8166966 -0.2487423 5.128855 -3.270028 0
0.6699997 -0.4684238 -0.8477655 -0.2487423 5.323967 -2.941702 0
0.6799996 -0.4142958 -0.875492 -0.2487423 5.49809 -2.601778 0
0.6899996 -0.3585345 -0.8997668 -0.2487423 5.650536 -2.251596 0
0.6999996 -0.3013595 -0.9204943 -0.2487423 5.780704 -1.892538 0
0.7099996 -0.2429965 -0.9375927 -0.2487423 5.888082 -1.526018 0
0.7199996 -0.1836754 -0.9509945 -0.2487423 5.972246 -1.153482 0
0.7299996 -0.1236302 -0.960647 -0.2487423 6.032864 -0.7763976 0
0.7399996 -0.06309756 -0.9665123 -0.2487423 6.069697 -0.3962527 0
0.7499996 -0.002316164 -0.968567 -0.2487423 6.082601 -0.01454551 0
0.7599996 0.05847437 -0.966803 -0.2487423 6.071523 0.367219 0
0.7699996 0.1190343 -0.9612274 -0.2487423 6.036508 0.7475358 0
0.7799996 0.1791251 -0.9518621 -0.2487423 5.977694 1.124905 0
0.7899995 0.2385095 -0.9387441 -0.2487423 5.895313 1.49784 0
0.7999995 0.2969537 -0.921925 -0.2487423 5.789689 1.864869 0
0.8099995 0.3542271 -0.9014713 -0.2487423 5.66124 2.224546 0
0.8199995 0.4101039 -0.8774634 -0.2487423 5.51047 2.575453 0
0.8299995 0.464364 -0.8499961 -0.2487423 5.337976 2.916206 0
0.8399995 0.5167932 -0.8191777 -0.2487423 5.144436 3.245461 0
0.8499995 0.5671849 -0.7851296 -0.2487423 4.930614 3.561921 0
0.8599995 0.6153406 -0.7479861 -0.2487423 4.697353 3.864339 0
0.8699995 0.6610701 -0.7078937 -0.2487423 4.445572 4.15152 0
0.8799995 0.7041935 -0.6650104 -0.2487423 4.176265 4.422335 0
0.8899994 0.7445405 -0.6195052 -0.2487423 3.890493 4.675714 0
0.8999994 0.7819521 -0.5715576 -0.2487423 3.589382 4.910659 0
0.9099994 0.8162809 -0.5213567 -0.2487423 3.27412 5.126244 0
0.9199994 0.8473914 -0.4691003 -0.2487423 2.94595 5.321618 0
0.9299994 0.8751611 -0.4149944 -0.2487423 2.606165 5.496011 0
0.9399994 0.8994804 -0.3592524 -0.2487423 2.256105 5.648737 0
0.9499994 0.9202535 -0.302094 -0.2487423 1.897151 5.779192 0
0.9599994 0.9373984 -0.2437447 -0.2487423 1.530717 5.886862 0
0.9699994 0.9508476 -0.1844343 -0.2487423 1.158247 5.971323 0
0.9799994 0.9605481 -0.1243968 -0.2487423 0.781212 6.032242 0
0.9899994 0.9664616 -0.06386888 -0.2487423 0.4010966 6.069379 0
0.9999993 0.9685648 -0.00308914 -0.2487423 0.0193998 6.082587 0
1.009999 0.9668493 0.05770324 -0.2487423 -0.3623763 6.071814 0
1.019999 0.961322 0.1182677 -0.2487423 -0.7427209 6.037102 0
1.029999 0.9520047 0.1783658 -0.2487423 -1.120137 5.97859 0
1.039999 0.938934 0.2377607 -0.2487423 -1.493137 5.896505 0
1.049999 0.9221616 0.2962183 -0.2487423 -1.860251 5.791175 0
1.059999 0.9017535 0.353508 -0.2487423 -2.22003 5.663012 0
1.069999 0.8777902 0.4094039 -0.2487423 -2.571057 5.512522 0
1.079999 0.8503662 0.4636858 -0.2487423 -2.911947 5.3403 0
1.089999 0.8195896 0.5161396 -0.2487423 -3.241357 5.147023 0
1.099999 0.7855817 0.5665585 -0.2487423 -3.557987 4.933453 0
1.109999 0.7484767 0.6147437 -0.2487423 -3.860591 4.700434 0
1.119999 0.7084207 0.6605054 -0.2487423 -4.147974 4.448882 0
1.129999 0.6655718 0.7036629 -0.2487423 -4.419003 4.179791 0
1.139999 0.6200989 0.7440461 -0.2487423 -4.672609 3.894221 0
1.149999 0.5721808 0.7814962 -0.2487423 -4.907796 3.593295 0
1.159999 0.5220072 0.815865 -0.2487423 -5.123632 3.278205 0
1.169999 0.4697756 0.8470172 -0.2487423 -5.319268 2.950191 0
1.179999 0.4156919 0.87483 -0.2487423 -5.493933 2.610545 0
1.189999 0.3599693 0.8991938 -0.2487423 -5.646937 2.260607 0
1.199999 0.3028275 0.9200124 -0.2487423 -5.777678 1.901757 0
1.209999 0.2444918 0.9372038 -0.2487423 -5.88564 1.535408 0
1.219999 0.1851922 0.9507003 -0.2487423 -5.970398 1.163007 0
1.229999 0.1251624 0.9604486 -0.2487423 -6.031618 0.7860201 0
1.239999 0.06463923 0.9664104 -0.2487423 -6.069057 0.4059344 0
1.249999 0.003861191 0.968562 -0.2487423 -6.08257 0.02424828 0
1.259999 -0.05693208 0.966895 -0.2487423 -6.072101 -0.3575334 0
1.269999 -0.1175009 0.9614161 -0.2487423 -6.037693 -0.7379056 0
1.279999 -0.1776064 0.9521466 -0.2487423 -5.979481 -1.115368 0
1.289999 -0.2370113 0.9391235 -0.2487423 -5.897696 -1.488431 0
1.299999 -0.2954827 0.9223976 -0.2487423 -5.792657 -1.855631 0
1.309999 -0.3527882 0.9020354 -0.2487423 -5.664782 -2.21551 0
1.319999 -0.4087037 0.8781165 -0.2487423 -5.514572 -2.566659 0
1.329999 -0.4630071 0.850736 -0.2487423 -5.342622 -2.907684 0
1.339999 -0.5154858 0.820001 -0.2487423 -5.149607 -3.237251 0
1.349999 -0.5659322 0.7860331 -0.2487423 -4.936288 -3.554054 0
1.359999 -0.6141466 0.7489668 -0.2487423 -4.703511 -3.856841 0
1.369999 -0.6599404 0.708947 -0.2487423 -4.452187 -4.144426 0
1.379999 -0.7031318 0.6661329 -0.2487423 -4.183314 -4.415668 0
1.389999 -0.7435516 0.6206918 -0.2487423 -3.897944 -4.669504 0
1.399999 -0.7810394 0.5728043 -0.2487423 -3.597211 -4.904927 0
1.409999 -0.8154484 0.5226578 -0.2487423 -3.282291 -5.121016 0
1.419999 -0.846642 0.4704514 -0.2487423 -2.954435 -5.316912 0
1.429999 -0.8744982 0.4163895 -0.2487423 -2.614926 -5.491848 0
1.439999 -0.8989062 0.3606868 -0.2487423 -2.265113 -5.645131 0
1.449999 -0.9197705 0.3035612 -0.2487423 -1.906364 -5.776159 0
1.459999 -0.9370084 0.2452396 -0.2487423 -1.540105 -5.884413 0
1.469999 -0.9505523 0.1859504 -0.2487423 -1.167768 -5.969469 0
1.479999 -0.9603485 0.1259289 -0.2487423 -0.7908335 -6.030989 0
1.489999 -0.9663585 0.06541001 -0.2487423 -0.4107749 -6.068732 0
1.499999 -0.9685586 0.004634162 -0.2487423 -0.02910254 -6.082548 0
1.509999 -0.9669401 -0.05616087 -0.2487423 0.3526903 -6.072384 0
1.519999 -0.9615095 -0.1167336 -0.2487423 0.7330869 -6.03828 0
1.529999 -0.952288 -0.176847 -0.2487423 1.110599 -5.980369 0
1.539999 -0.9393122 -0.2362622 -0.2487423 1.483727 -5.89888 0
1.549999 -0.9226329 -0.2947469 -0.2487423 1.851011 -5.794135 0
1.559999 -0.9023165 -0.3520686 -0.2487423 2.210991 -5.666547 0
1.569999 -0.8784422 -0.4080032 -0.2487423 2.56226 -5.516617 0
1.579999 -0.851105 -0.4623284 -0.2487423 2.903422 -5.34494 0
1.589999 -0.8204119 -0.5148316 -0.2487423 3.233143 -5.152187 0
1.599999 -0.7864847 -0.5653043 -0.2487423 3.550111 -4.939124 0
1.609999 -0.7494564 -0.6135491 -0.2487423 3.853088 -4.706586 0
1.619999 -0.7094738 -0.6593741 -0.2487423 4.140869 -4.455495 0
1.629999 -0.6666934 -0.7026002 -0.2487423 4.41233 -4.186835 0
1.639999 -0.6212853 -0.7430557 -0.2487423 4.66639 -3.901672 0
1.649999 -0.573427 -0.7805822 -0.2487423 4.902057 -3.601122 0
1.659999 -0.5233088 -0.8150308 -0.2487423 5.118393 -3.286379 0
1.669999 -0.4711265 -0.8462666 -0.2487423 5.314554 -2.958675 0
1.679999 -0.4170877 -0.8741654 -0.2487423 5.489758 -2.619311 0
1.689999 -0.3614036 -0.8986182 -0.2487423 5.643322 -2.269615 0
1.699999 -0.3042955 -0.9195279 -0.2487423 5.774635 -1.910976 0
1.709999 -0.2459869 -0.9368125 -0.2487423 5.883183 -1.544798 0
1.719999 -0.1867094 -0.9504035 -0.2487423 5.968534 -1.172535 0
1.729999 -0.1266948 -0.9602478 -0.2487423 6.030356 -0.7956434 0
1.739999 -0.06618167 -0.966306 -0.2487423 6.068402 -0.4156209 0
1.749999 -0.005406669 -0.9685546 -0.2487423 6.082523 -0.03395388 0
1.759999 0.05538964 -0.9669846 -0.2487423 6.072663 0.347847 0
1.769999 0.1159666 -0.9616023 -0.2487423 6.038862 0.7282706 0
1.779999 0.1760874 -0.9524288 -0.2487423 5.981253 1.105829 0
1.789999 0.235513 -0.9395003 -0.2487423 5.900062 1.479021 0
1.799999 0.2940109 -0.9228677 -0.2487423 5.795609 1.846389 0
1.809999 0.3513488 -0.902597 -0.2487423 5.668309 2.206471 0
1.819999 0.4073024 -0.8787673 -0.2487423 5.518659 2.557859 0
1.829999 0.4616494 -0.8514735 -0.2487423 5.347253 2.899158 0
1.839999 0.5141771 -0.8208222 -0.2487423 5.154764 3.229032 0
1.849999 0.5646768 -0.7869354 -0.2487423 4.941954 3.54617 0
1.859999 0.612951 -0.7499455 -0.2487423 4.709658 3.849333 0
1.869999 0.6588081 -0.7099994 -0.2487423 4.458797 4.137314 0
1.879999 0.7020683 -0.6672536 -0.2487423 4.190353 4.408989 0
1.889999 0.74256 -0.6218778 -0.2487423 3.905392 4.663277 0
1.899999 0.7801247 -0.5740494 -0.2487423 3.605031 4.899183 0
1.909999 0.8146132 -0.5239586 -0.2487423 3.29046 5.115771 0
1.919999 0.8458905 -0.4718014 -0.2487423 2.962913 5.312192 0
1.929999 0.8738324 -0.4177848 -0.2487423 2.623688 5.487668 0
1.939999 0.8983297 -0.3621202 -0.2487423 2.274115 5.64151 0
1.949998 0.9192849 -0.3050289 -0.2487423 1.915581 5.773109 0
1.959998 0.936616 -0.246734 -0.2487423 1.54949 5.881948 0
1.969998 0.9502543 -0.1874674 -0.2487423 1.177295 5.967597 0
1.979998 0.9601464 -0.1274606 -0.2487423 0.8004529 6.029719 0
1.989998 0.9662529 -0.06695236 -0.2487423 0.4204608 6.068068 0
1.999998 0.96855 -0.006179173 -0.2487423 0.03880521 6.082494 0
2.009999 0.9670285 0.05461837 -0.2487423 -0.3430034 6.072939 0
2.019999 0.9616944 0.1152006 -0.2487423 -0.7234596 6.039441 0
2.029999 0.9525689 0.1753277 -0.2487423 -1.101058 5.982133 0
2.039999 0.9396877 0.2347645 -0.2487423 -1.474321 5.901238 0
2.049999 0.923102 0.2932748 -0.2487423 -1.841766 5.797081 0
2.059999 0.9028766 0.3506297 -0.2487423 -2.201955 5.670065 0
2.069999 0.8790919 0.4066014 -0.2487423 -2.553457 5.520697 0
2.079998 0.851841 0.4609709 -0.2487423 -2.894898 5.349561 0
2.089998 0.8212321 0.5135223 -0.2487423 -3.22492 5.157338 0
2.099998 0.787385 0.5640498 -0.2487423 -3.542233 4.944778 0
2.109998 0.7504341 0.6123527 -0.2487423 -3.845575 4.712726 0
2.119998 0.710524 0.6582422 -0.2487423 -4.133761 4.462091 0
2.129998 0.6678134 0.7015359 -0.2487423 -4.405645 4.193868 0
2.139998 0.6224691 0.7420643 -0.2487423 -4.660164 3.909106 0
2.149998 0.5746715 0.7796665 -0.2487423 -4.896306 3.608937 0
2.159998 0.5246074 0.8141955 -0.2487423 -5.113148 3.294535 0
2.169998 0.4724759 0.8455139 -0.2487423 -5.309827 2.967149 0
2.179998 0.4184808 0.8734994 -0.2487423 -5.485576 2.628059 0
2.189998 0.3628366 0.8980406 -0.2487423 -5.639695 2.278614 0
2.199998 0.3057611 0.9190416 -0.2487423 -5.771581 1.92018 0
2.209998 0.247481 0.936419 -0.2487423 -5.880711 1.554181 0
2.219998 0.1882243 0.9501047 -0.2487423 -5.966657 1.182049 0
2.229998 0.1282264 0.9600444 -0.2487423 -6.029079 0.8052619 0
2.239998 0.06772208 0.9661993 -0.2487423 -6.067731 0.4252947 0
2.249998 0.006951672 0.9685448 -0.2487423 -6.082461 0.0436565 0
2.259998 -0.05384706 0.9670718 -0.2487423 -6.073211 -0.3381596 0
2.269998 -0.1144326 0.961786 -0.2487423 -6.040017 -0.7186366 0
2.279998 -0.1745679 0.9527084 -0.2487423 -5.983009 -1.096286 0
2.289998 -0.234014 0.9398748 -0.2487423 -5.902414 -1.469608 0
2.299998 -0.2925384 0.9233356 -0.2487423 -5.798547 -1.837141 0
2.309998 -0.3499086 0.9031563 -0.2487423 -5.671822 -2.197426 0
2.319998 -0.4059002 0.8794159 -0.2487423 -5.522732 -2.549053 0
2.329998 -0.4602906 0.8522088 -0.2487423 -5.351871 -2.890625 0
2.339998 -0.5128671 0.8216414 -0.2487423 -5.159908 -3.220805 0
2.349998 -0.5634216 0.7878346 -0.2487423 -4.947601 -3.538288 0
2.359998 -0.611754 0.7509223 -0.2487423 -4.715792 -3.841815 0
2.369998 -0.6576753 0.7110488 -0.2487423 -4.465387 -4.130201 0
2.379998 -0.701003 0.6683727 -0.2487423 -4.197381 -4.402299 0
2.389998 -0.7415676 0.6230608 -0.2487423 -3.912822 -4.657044 0
2.399998 -0.7792079 0.5752931 -0.2487423 -3.612841 -4.893426 0
2.409998 -0.8137768 0.5252566 -0.2487423 -3.298612 -5.110518 0
2.419998 -0.8451368 0.4731501 -0.2487423 -2.971383 -5.307459 0
2.429998 -0.8731652 0.4191773 -0.2487423 -2.632434 -5.483478 0
2.439998 -0.8977509 0.3635527 -0.2487423 -2.283111 -5.637876 0
2.449998 -0.9187974 0.306494 -0.2487423 -1.924782 -5.770048 0
2.459998 -0.9362212 0.2482278 -0.2487423 -1.558871 -5.879469 0
2.469998 -0.9499543 0.188982 -0.2487423 -1.186807 -5.965713 0
2.479998 -0.9599418 0.1289921 -0.2487423 -0.8100703 -6.028435 0
2.489998 -0.9661449 0.06849268 -0.2487423 -0.4301341 -6.06739 0
2.499998 -0.9685389 0.007724167 -0.2487423 -0.04850777 -6.082424 0
2.509998 -0.9671144 -0.05307572 -0.2487423 0.3333156 -6.073479 0
2.519998 -0.961877 -0.1136654 -0.2487423 0.713819 -6.040588 0
2.529998 -0.9528474 -0.1738079 -0.2487423 1.091514 -5.983881 0
2.539998 -0.9400612 -0.2332643 -0.2487423 1.4649 -5.903584 0
2.549998 -0.9235686 -0.2918019 -0.2487423 1.832516 -5.800011 0
2.559998 -0.9034351 -0.3491882 -0.2487423 2.192902 -5.673572 0
2.569998 -0.8797398 -0.4051978 -0.2487423 2.544642 -5.524766 0
2.579998 -0.8525752 -0.4596115 -0.2487423 2.88636 -5.354172 0
2.589998 -0.8220502 -0.5122116 -0.2487423 3.216689 -5.162475 0
2.599998 -0.7882843 -0.5627923 -0.2487423 3.534336 -4.950426 0
2.609998 -0.7514106 -0.6111542 -0.2487423 3.838048 -4.718859 0
2.619998 -0.7115732 -0.6571079 -0.2487423 4.126638 -4.46868 0
2.629998 -0.6689315 -0.7004697 -0.2487423 4.39895 -4.20089 0
2.639998 -0.6236528 -0.7410698 -0.2487423 4.653919 -3.916539 0
2.649998 -0.5759152 -0.7787483 -0.2487423 4.890539 -3.616747 0
2.659998 -0.5259055 -0.8133576 -0.2487423 5.107886 -3.302687 0
2.669998 -0.473824 -0.8447592 -0.2487423 5.305088 -2.975615 0
2.679998 -0.4198744 -0.8728303 -0.2487423 5.481374 -2.636811 0
2.689998 -0.3642696 -0.8974603 -0.2487423 5.636051 -2.287613 0
2.699998 -0.3072267 -0.9185526 -0.2487423 5.768511 -1.929384 0
2.709998 -0.2489744 -0.9360229 -0.2487423 5.878224 -1.563559 0
2.719998 -0.1897405 -0.949803 -0.2487423 5.964763 -1.191571 0
2.729998 -0.1297586 -0.9598385 -0.2487423 6.027786 -0.814884 0
2.739998 -0.06926324 -0.96609 -0.2487423 6.067045 -0.4349732 0
2.749998 -0.008496658 -0.9685324 -0.2487423 6.082384 -0.05335901 0
2.759998 0.05230343 -0.9671564 -0.2487423 6.073742 0.3284656 0
2.769998 0.1128991 -0.9619673 -0.2487423 6.041154 0.7090066 0
2.779998 0.1730479 -0.9529856 -0.2487423 5.98475 1.086741 0
2.789998 0.2325144 -0.9402469 -0.2487423 5.904751 1.460191 0
2.799998 0.2910643 -0.9238013 -0.2487423 5.801472 1.827884 0
2.809998 0.3484684 -0.9037129 -0.2487423 5.675317 2.188381 0
2.819998 0.4044968 -0.8800623 -0.2487423 5.526791 2.54024 0
2.829998 0.4589306 -0.852942 -0.2487423 5.356476 2.882084 0
2.839998 0.511555 -0.8224589 -0.2487423 5.165042 3.212565 0
2.849998 0.5621641 -0.7887323 -0.2487423 4.953239 3.530391 0
2.859998 0.6105554 -0.7518972 -0.2487423 4.721914 3.834288 0
2.869998 0.6565396 -0.7120977 -0.2487423 4.471973 4.123068 0
2.879998 0.6999353 -0.6694908 -0.2487423 4.204402 4.395594 0
2.889998 0.7405728 -0.6242429 -0.2487423 3.920245 4.650797 0
2.899998 0.7782893 -0.5765354 -0.2487423 3.620642 4.887657 0
2.909998 0.8129374 -0.5265549 -0.2487423 3.306765 5.105247 0
2.919998 0.8443806 -0.4744985 -0.2487423 2.97985 5.30271 0
2.929998 0.8724955 -0.4205696 -0.2487423 2.641177 5.479272 0
2.939998 0.8971698 -0.3649844 -0.2487423 2.292102 5.634226 0
2.949998 0.918307 -0.3079602 -0.2487423 1.93399 5.766968 0
2.959998 0.9358239 -0.2497218 -0.2487423 1.568253 5.876974 0
2.969998 0.9496515 -0.1904971 -0.2487423 1.196322 5.963812 0
2.979998 0.9597349 -0.1305232 -0.2487423 0.8196856 6.027135 0
2.989998 0.9660344 -0.07003468 -0.2487423 0.4398178 6.066696 0
2.999998 0.9685254 -0.009270066 -0.2487423 0.05821602 6.082339 0
3.009998 0.9671978 0.05153294 -0.2487423 -0.3236269 6.074002 0
3.019998 0.9620572 0.1121309 -0.2487423 -0.7041823 6.041719 0
3.029998 0.9531235 0.1722869 -0.2487423 -1.081962 5.985616 0
3.039998 0.9404323 0.2317635 -0.2487423 -1.455475 5.905915 0
3.049998 0.9240329 0.2903283 -0.2487423 -1.823262 5.802927 0
3.059998 0.9039909 0.3477466 -0.2487423 -2.183849 5.677063 0
3.069998 0.880385 0.4037939 -0.2487423 -2.535826 5.528818 0
3.079998 0.8533081 0.4582493 -0.2487423 -2.877806 5.358775 0
3.089998 0.8228663 0.5108997 -0.2487423 -3.20845 5.1676 0
3.099998 0.7891811 0.5615341 -0.2487423 -3.526434 4.956057 0
3.109998 0.7523845 0.6099548 -0.2487423 -3.830516 4.724975 0
3.119998 0.7126217 0.6559707 -0.2487423 -4.119496 4.475265 0
3.129997 0.6700481 0.6994017 -0.2487423 -4.392243 4.207902 0
3.139997 0.6248341 0.7400741 -0.2487423 -4.647665 3.923958 0
3.149997 0.5771567 0.7778286 -0.2487423 -4.884764 3.624544 0
3.159997 0.5272039 0.8125167 -0.2487423 -5.102605 3.31084 0
3.169997 0.4751709 0.8440023 -0.2487423 -5.300334 2.984073 0
3.179997 0.4212662 0.8721594 -0.2487423 -5.477161 2.645552 0
3.189997 0.3657007 0.8968781 -0.2487423 -5.632394 2.2966 0
3.199997 0.3086916 0.9180614 -0.2487423 -5.765426 1.938583 0
3.209997 0.2504672 0.9356246 -0.2487423 -5.875722 1.572934 0
3.219997 0.1912554 0.9494991 -0.2487423 -5.962855 1.201084 0
3.229997 0.1312895 0.9596303 -0.2487423 -6.026478 0.8244984 0
3.239997 0.07080424 0.9659783 -0.2487423 -6.066343 0.4446506 0
3.249997 0.01004162 0.9685176 -0.2487423 -6.082291 0.06306138 0
3.259997 -0.05076058 0.9672387 -0.2487423 -6.074259 -0.3187765 0
3.269997 -0.1113627 0.9621463 -0.2487423 -6.042279 -0.6993575 0
3.279997 -0.1715275 0.9532605 -0.2487423 -5.986476 -1.077193 0
3.289997 -0.2310143 0.9406166 -0.2487423 -5.907073 -1.45077 0
3.299997 -0.2895903 0.9242644 -0.2487423 -5.80438 -1.818627 0
3.309997 -0.3470246 0.9042683 -0.2487423 -5.678805 -2.179315 0
3.319997 -0.4030924 0.8807064 -0.2487423 -5.530836 -2.531421 0
3.329997 -0.4575694 0.853673 -0.2487423 -5.361066 -2.873536 0
3.339997 -0.5102424 0.823274 -0.2487423 -5.17016 -3.204322 0
3.349997 -0.5609037 0.7896292 -0.2487423 -4.958871 -3.522475 0
3.359997 -0.6093552 0.7528701 -0.2487423 -4.728024 -3.826751 0
3.369997 -0.6554028 0.7131441 -0.2487423 -4.478545 -4.11593 0
3.379997 -0.6988664 0.6706064 -0.2487423 -4.211408 -4.388881 0
3.389997 -0.7395748 0.6254249 -0.2487423 -3.927668 -4.64453 0
3.399997 -0.7773687 0.5777762 -0.2487423 -3.628434 -4.881875 0
3.409997 -0.8120964 0.527851 -0.2487423 -3.314904 -5.099966 0
3.419997 -0.8436226 0.4758448 -0.2487423 -2.988305 -5.29795 0
3.429997 -0.8718227 0.4219626 -0.2487423 -2.649925 -5.475047 0
3.439997 -0.8965864 0.366415 -0.2487423 -2.301086 -5.630563 0
3.449997 -0.9178146 0.3094246 -0.2487423 -1.943186 -5.763876 0
3.459997 -0.9354243 0.2512143 -0.2487423 -1.577626 -5.874465 0
3.469997 -0.9493461 0.1920135 -0.2487423 -1.205845 -5.961894 0
3.479997 -0.9595254 0.132054 -0.2487423 -0.8292989 -6.02582 0
3.489997 -0.9659215 0.07157558 -0.2487423 -0.4494947 -6.065987 0
3.499997 -0.9685093 0.01081502 -0.2487423 -0.06791831 -6.082239 0
3.509997 -0.9672789 -0.04998819 -0.2487423 0.3139258 -6.074512 0
3.519997 -0.9622348 -0.1105962 -0.2487423 0.6945438 -6.042835 0
3.529997 -0.9533972 -0.1707662 -0.2487423 1.072412 -5.987334 0
3.539997 -0.9408008 -0.2302631 -0.2487423 1.446052 -5.908229 0
3.549997 -0.9244953 -0.2888522 -0.2487423 1.813992 -5.805831 0
3.559997 -0.9045445 -0.3463041 -0.2487423 2.17479 -5.680539 0
3.569997 -0.881028 -0.402389 -0.2487423 2.527003 -5.532856 0
3.579997 -0.8540381 -0.4568876 -0.2487423 2.869254 -5.363359 0
3.589997 -0.8236801 -0.5095864 -0.2487423 3.200202 -5.172711 0
3.599997 -0.7900757 -0.5602745 -0.2487423 3.518524 -4.961676 0
3.609997 -0.7533565 -0.6087539 -0.2487423 3.822974 -4.731079 0
3.619997 -0.7136672 -0.6548331 -0.2487423 4.112352 -4.48183 0
3.629997 -0.671163 -0.698332 -0.2487423 4.385525 -4.214903 0
3.639997 -0.6260139 -0.7390764 -0.2487423 4.6414 -3.931367 0
3.649997 -0.5783967 -0.776907 -0.2487423 4.878976 -3.632331 0
3.659997 -0.5284993 -0.8116747 -0.2487423 5.097317 -3.318976 0
3.669997 -0.4765167 -0.8432432 -0.2487423 5.295568 -2.992525 0
3.679997 -0.4226569 -0.8714863 -0.2487423 5.472934 -2.654286 0
3.689997 -0.3671309 -0.8962936 -0.2487423 5.628724 -2.305582 0
3.699997 -0.3101574 -0.9175673 -0.2487423 5.762322 -1.947788 0
3.709997 -0.2519594 -0.9352239 -0.2487423 5.873206 -1.582305 0
3.719997 -0.1927698 -0.9491928 -0.2487423 5.960931 -1.210594 0
3.729997 -0.1328201 -0.9594197 -0.2487423 6.025156 -0.8341105 0
3.739997 -0.07234689 -0.9658639 -0.2487423 6.065626 -0.4543385 0
3.749997 -0.01158656 -0.9685004 -0.2487423 6.082183 -0.07276359 0
3.759997 0.04921761 -0.9673184 -0.2487423 6.074759 0.3090866 0
3.769997 0.1098277 -0.9623228 -0.2487423 6.043387 0.6897182 0
3.779997 0.1700049 -0.9535332 -0.2487423 5.988189 1.067631 0
3.789997 0.2295136 -0.940984 -0.2487423 5.909379 1.441345 0
3.799997 0.2881156 -0.9247252 -0.2487423 5.807274 1.809366 0
3.809997 0.3455817 -0.9048207 -0.2487423 5.682274 2.170253 0
3.819997 0.4016854 -0.881349 -0.2487423 5.534872 2.522584 0
3.829997 0.456207 -0.8544018 -0.2487423 5.365643 2.86498 0
3.839997 0.5089285 -0.8240868 -0.2487423 5.175265 3.196071 0
3.849997 0.5596434 -0.7905229 -0.2487423 4.964484 3.514561 0
3.859997 0.608152 -0.7538424 -0.2487423 4.73413 3.819195 0
3.869997 0.6542644 -0.7141886 -0.2487423 4.485105 4.10878 0
3.879997 0.6977959 -0.6717203 -0.2487423 4.218404 4.382158 0
3.889997 0.7385762 -0.6266038 -0.2487423 3.935072 4.638259 0
3.899997 0.7764449 -0.5790169 -0.2487423 3.636226 4.876074 0
3.909997 0.8112534 -0.5291457 -0.2487423 3.323035 5.094671 0
3.919997 0.8428624 -0.4771899 -0.2487423 2.996753 5.293176 0
3.929997 0.8711485 -0.4233527 -0.2487423 2.658655 5.470813 0
3.939997 0.8960001 -0.3678465 -0.2487423 2.310076 5.626881 0
3.949997 0.9173199 -0.3108883 -0.2487423 1.952378 5.760769 0
3.959997 0.9350224 -0.2527061 -0.2487423 1.586994 5.871941 0
3.969997 0.9490386 -0.1935277 -0.2487423 1.215354 5.959963 0
3.979997 0.9593133 -0.1335862 -0.2487423 0.8389215 6.024487 0
3.989997 0.9658061 -0.0731163 -0.2487423 0.4591704 6.065262 0
3.999997 0.9684908 -0.01235994 -0.2487423 0.07762043 6.082122 0
4.009997 0.9673573 0.04844699 -0.2487423 -0.3042471 6.075004 0
4.019997 0.9624098 0.1090629 -0.2487423 -0.6849151 6.043933 0
4.029997 0.9536677 0.1692488 -0.2487423 -1.062883 5.989033 0
4.039998 0.9411656 0.2287675 -0.2487423 -1.43666 5.91052 0
4.049998 0.9249527 0.2873841 -0.2487423 -1.804772 5.808703 0
4.059998 0.9050931 0.3448677 -0.2487423 -2.165769 5.683985 0
4.069998 0.8816649 0.4009916 -0.2487423 -2.518227 5.536856 0
4.079998 0.8547605 0.4555344 -0.2487423 -2.860756 5.367897 0
4.089999 0.8244862 0.5082812 -0.2487423 -3.192006 5.177773 0
4.099999 0.790961 0.5590241 -0.2487423 -3.510671 4.967235 0
4.109999 0.7543173 0.6075628 -0.2487423 -3.815495 4.737113 0
4.119999 0.7146984 0.6537075 -0.2487423 -4.105283 4.488306 0
4.13 0.6722627 0.6972733 -0.2487423 -4.378877 4.22181 0
4.14 0.6271765 0.73809 -0.2487423 -4.635205 3.938668 0
4.15 0.5796176 0.7759966 -0.2487423 -4.873259 3.639998 0
4.16 0.5297732 0.8108437 -0.2487423 -5.092099 3.326976 0
4.170001 0.4778403 0.8424939 -0.2487423 -5.290862 3.000837 0
4.180001 0.4240233 0.8708223 -0.2487423 -5.468764 2.662866 0
4.190001 0.3685345 0.8957174 -0.2487423 -5.625105 2.314397 0
4.200001 0.3115927 0.9170808 -0.2487423 -5.759267 1.956802 0
4.210001 0.2534224 0.9348285 -0.2487423 -5.870723 1.591493 0
4.220002 0.1942529 0.9488904 -0.2487423 -5.959032 1.219908 0
4.230002 0.1343175 0.9592112 -0.2487423 -6.023846 0.8435137 0
4.240002 0.07385252 0.96575 -0.2487423 -6.06491 0.4637938 0
4.250002 0.01309637 0.9684811 -0.2487423 -6.082062 0.08224521 0
4.260003 -0.04771141 0.9673939 -0.2487423 -6.075233 -0.2996277 0
4.270003 -0.1083311 0.9624924 -0.2487423 -6.044452 -0.6803192 0
4.280003 -0.1685236 0.9537961 -0.2487423 -5.98984 -1.058328 0
4.290003 -0.2280517 0.9413393 -0.2487423 -5.911611 -1.432165 0
4.300004 -0.2866807 0.925171 -0.2487423 -5.810074 -1.800355 0
4.310004 -0.3441794 0.9053551 -0.2487423 -5.68563 -2.161446 0
4.320004 -0.400321 0.8819696 -0.2487423 -5.538769 -2.514016 0
4.330004 -0.4548844 0.8551067 -0.2487423 -5.37007 -2.856674 0
4.340004 -0.5076542 0.8248724 -0.2487423 -5.180199 -3.188068 0
4.350005 -0.5584224 0.7913859 -0.2487423 -4.969903 -3.506893 0
4.360005 -0.606989 0.7547792 -0.2487423 -4.740013 -3.811891 0
4.370005 -0.6531639 0.7151952 -0.2487423 -4.491426 -4.101869 0
4.380005 -0.696762 0.6727927 -0.2487423 -4.225139 -4.375665 0
4.390006 -0.7376129 0.6277376 -0.2487423 -3.942192 -4.632209 0
4.400006 -0.7755557 0.5802074 -0.2487423 -3.643703 -4.87049 0
4.410006 -0.8104406 0.5303897 -0.2487423 -3.330847 -5.089567 0
4.420006 -0.8421303 0.4784808 -0.2487423 -3.004859 -5.288578 0
4.430007 -0.8704997 0.4246854 -0.2487423 -2.667024 -5.466738 0
4.440007 -0.8954368 0.3692155 -0.2487423 -2.318674 -5.623343 0
4.450007 -0.9168437 0.31229 -0.2487423 -1.961181 -5.757778 0
4.460007 -0.9346356 0.2541331 -0.2487423 -1.595956 -5.869511 0
4.470007 -0.9487424 0.1949743 -0.2487423 -1.224439 -5.958103 0
4.480008 -0.9591088 0.1350468 -0.2487423 -0.848094 -6.023203 0
4.490008 -0.9656936 0.07458685 -0.2487423 -0.4684054 -6.064556 0
4.500008 -0.9684709 0.01383279 -0.2487423 -0.08686994 -6.081997 0
4.510008 -0.9674299 -0.0469758 -0.2487423 0.295008 -6.075459 0
4.520009 -0.9625745 -0.1075992 -0.2487423 0.6757228 -6.044968 0
4.530009 -0.9539239 -0.1677983 -0.2487423 1.053773 -5.990643 0
4.540009 -0.9415125 -0.2273359 -0.2487423 1.427669 -5.912698 0
4.550009 -0.9253888 -0.2859771 -0.2487423 1.795936 -5.811441 0
4.560009 -0.9056165 -0.3434908 -0.2487423 2.157123 -5.687272 0
4.57001 -0.8822737 -0.3996502 -0.2487423 2.509804 -5.540679 0
4.58001 -0.8554524 -0.454234 -0.2487423 2.85259 -5.372241 0
4.59001 -0.8252582 -0.5070268 -0.2487423 3.184128 -5.182621 0
4.60001 -0.7918103 -0.5578206 -0.2487423 3.503113 -4.972569 0
4.610011 -0.7552393 -0.6064164 -0.2487423 3.808295 -4.742903 0
4.620011 -0.7156917 -0.6526198 -0.2487423 4.098453 -4.494544 0
4.630011 -0.6733224 -0.6962501 -0.2487423 4.372451 -4.228465 0
4.640011 -0.6282983 -0.7371354 -0.2487423 4.62921 -3.945713 0
4.650012 -0.580797 -0.7751142 -0.2487423 4.867717 -3.647405 0
4.660012 -0.5310057 -0.8100371 -0.2487423 5.087033 -3.334716 0
4.670012 -0.479121 -0.8417662 -0.2487423 5.286292 -3.00888 0
4.680012 -0.4253471 -0.8701765 -0.2487423 5.464708 -2.67118 0
4.690012 -0.3698963 -0.8951558 -0.2487423 5.621579 -2.322949 0
4.700013 -0.312987 -0.9166059 -0.2487423 5.756285 -1.965559 0
4.710013 -0.2548438 -0.934442 -0.2487423 5.868296 -1.600419 0
4.720013 -0.1956957 -0.9485939 -0.2487423 5.95717 -1.228969 0
4.730013 -0.1357761 -0.9590058 -0.2487423 6.022557 -0.8526738 0
4.740014 -0.07532113 -0.9656366 -0.2487423 6.064198 -0.4730167 0
4.750014 -0.01456921 -0.9684601 -0.2487423 6.08193 -0.09149461 0
4.760014 0.04624016 -0.9674653 -0.2487423 6.075682 0.2903882 0
4.770014 0.1068672 -0.9626561 -0.2487423 6.04548 0.6711261 0
4.780015 0.1670729 -0.9540513 -0.2487423 5.991442 1.049218 0
4.790015 0.2266199 -0.941685 -0.2487423 5.913782 1.423173 0
4.800015 0.2852734 -0.925606 -0.2487423 5.812805 1.791517 0
4.810015 0.3428021 -0.9058775 -0.2487423 5.68891 2.152797 0
4.820015 0.3989793 -0.8825774 -0.2487423 5.542586 2.50559 0
4.830016 0.4535834 -0.8557975 -0.2487423 5.374409 2.848504 0
4.840016 0.5063992 -0.8256435 -0.2487423 5.185041 3.180187 0
4.850016 0.5572198 -0.7922332 -0.2487423 4.975224 3.49934 0
4.860016 0.6058419 -0.7557002 -0.2487423 4.745797 3.804687 0
4.870017 0.6520754 -0.7161878 -0.2487423 4.497659 4.095034 0
4.880017 0.695738 -0.6738516 -0.2487423 4.231788 4.369235 0
4.890017 0.7366574 -0.6288586 -0.2487423 3.949232 4.626209 0
4.900017 0.7746724 -0.5813862 -0.2487423 3.651105 4.864943 0
4.910017 0.8096331 -0.5316216 -0.2487423 3.338584 5.084496 0
4.920018 0.8414016 -0.4797609 -0.2487423 3.012898 5.284002 0
4.930018 0.8698528 -0.4260087 -0.2487423 2.675335 5.462676 0
4.940018 0.8948743 -0.3705769 -0.2487423 2.327223 5.619811 0
4.950018 0.9163677 -0.3136839 -0.2487423 1.969935 5.754789 0
4.960019 0.934248 -0.2555542 -0.2487423 1.604881 5.867077 0
4.970019 0.9484448 -0.1964169 -0.2487423 1.233498 5.956234 0
4.980019 0.9589022 -0.1365053 -0.2487423 0.857253 6.021906 0
4.990019 0.965579 -0.07605537 -0.2487423 0.4776277 6.063837 0
5.00002 0.9684488 -0.01530561 -0.2487423 0.09611925 6.081858 0
5.01002 0.9675002 0.04550449 -0.2487423 -0.2857682 6.075901 0
5.02002 0.962737 0.1061352 -0.2487423 -0.6665289 6.045989 0
5.03002 0.954178 0.1663474 -0.2487423 -1.044662 5.992238 0
5.04002 0.941857 0.2259038 -0.2487423 -1.418676 5.914862 0
5.050021 0.9258226 0.2845695 -0.2487423 -1.787096 5.814166 0
5.060021 0.9061378 0.3421132 -0.2487423 -2.148471 5.690546 0
5.070021 0.8828804 0.3983081 -0.2487423 -2.501375 5.544489 0
5.080021 0.8561422 0.4529325 -0.2487423 -2.844416 5.376573 0
5.090022 0.8260283 0.5057712 -0.2487423 -3.176243 5.187458 0
5.100022 0.7926577 0.5566157 -0.2487423 -3.495547 4.97789 0
5.110022 0.7561618 0.6052657 -0.2487423 -3.801069 4.748696 0
5.120022 0.7166846 0.6515293 -0.2487423 -4.091604 4.500779 0
5.130023 0.6743817 0.6952241 -0.2487423 -4.366007 4.235117 0
5.140023 0.6294199 0.7361778 -0.2487423 -4.623197 3.952757 0
5.150023 0.5819766 0.774229 -0.2487423 -4.862158 3.654813 0
5.160023 0.5322386 0.8092276 -0.2487423 -5.08195 3.342458 0
5.170023 0.4804022 0.8410357 -0.2487423 -5.281704 3.016926 0
5.180024 0.4266717 0.8695278 -0.2487423 -5.460634 2.679498 0
5.190024 0.3712589 0.8945916 -0.2487423 -5.618035 2.331506 0
5.200024 0.3143824 0.9161282 -0.2487423 -5.753285 1.974321 0
5.210024 0.2562663 0.9340529 -0.2487423 -5.865852 1.609352 0
5.220025 0.1971363 0.9482956 -0.2487423 -5.955297 1.238016 0
5.230025 0.1372325 0.9587985 -0.2487423 -6.021255 0.8618203 0
5.240025 0.07678773 0.965521 -0.2487423 -6.063472 0.4822269 0
5.250025 0.01604016 0.9684368 -0.2487423 -6.081783 0.1007322 0
5.260026 -0.04477064 0.9675344 -0.2487423 -6.076116 -0.2811596 0
5.270026 -0.1054049 0.9628173 -0.2487423 -6.046492 -0.661943 0
5.280026 -0.1656236 0.954304 -0.2487423 -5.993029 -1.040116 0
5.290026 -0.2251893 0.9420282 -0.2487423 -5.915937 -1.414189 0
5.300026 -0.2838672 0.9260381 -0.2487423 -5.81552 -1.782686 0
5.310027 -0.3414258 0.906397 -0.2487423 -5.692173 -2.144154 0
5.320027 -0.3976383 0.8831823 -0.2487423 -5.546385 -2.497169 0
5.330027 -0.452283 0.8564854 -0.2487423 -5.378729 -2.840337 0
5.340027 -0.5051445 0.8264117 -0.2487423 -5.189866 -3.172307 0
5.350028 -0.5560144 0.7930796 -0.2487423 -4.98054 -3.49177 0
5.360028 -0.604692 0.7566206 -0.2487423 -4.751578 -3.797466 0
5.370028 -0.6509855 0.7171786 -0.2487423 -4.503882 -4.088189 0
5.380028 -0.6947124 0.6749089 -0.2487423 -4.238428 -4.362794 0
5.390028 -0.7357002 0.6299782 -0.2487423 -3.956263 -4.620197 0
5.400029 -0.7737873 0.5825636 -0.2487423 -3.6585 -4.859385 0
5.410029 -0.8088237 0.5328522 -0.2487423 -3.346312 -5.079413 0
5.420029 -0.8406711 0.4810399 -0.2487423 -3.020931 -5.279414 0
5.430029 -0.8692039 0.4273311 -0.2487423 -2.683639 -5.458601 0
5.44003 -0.8943097 0.3719373 -0.2487423 -2.335766 -5.616265 0
5.45003 -0.9158895 0.3150772 -0.2487423 -1.978685 -5.751786 0
5.46003 -0.9338583 0.2569747 -0.2487423 -1.613801 -5.86463 0
5.47003 -0.9481451 0.1978591 -0.2487423 -1.242555 -5.954351 0
5.480031 -0.9586936 0.1379634 -0.2487423 -0.8664101 -6.020596 0
5.490031 -0.9654623 0.07752372 -0.2487423 -0.486849 -6.063103 0
5.500031 -0.9684244 0.0167784 -0.2487423 -0.1053683 -6.081705 0
5.510031 -0.9675683 -0.04403308 -0.2487423 0.2765278 -6.076329 0
5.520031 -0.9628973 -0.1046709 -0.2487423 0.6573335 -6.046995 0
5.530032 -0.9544299 -0.1648961 -0.2487423 1.035548 -5.99382 0
5.540032 -0.9421995 -0.2244712 -0.2487423 1.409679 -5.917013 0
5.550032 -0.9262543 -0.2831612 -0.2487423 1.778252 -5.816877 0
5.560032 -0.9066571 -0.3407348 -0.2487423 2.139814 -5.693807 0
5.570033 -0.8834852 -0.3969649 -0.2487423 2.49294 -5.548287 0
5.580033 -0.85683 -0.45163 -0.2487423 2.836236 -5.380892 0
5.590033 -0.8267965 -0.5045144 -0.2487423 3.16835 -5.192282 0
5.600033 -0.7935032 -0.5554096 -0.2487423 3.487972 -4.983201 0
5.610034 -0.7570814 -0.6041151 -0.2487423 3.793843 -4.754471 0
5.620034 -0.7176746 -0.6504386 -0.2487423 4.084754 -4.506997 0
5.630034 -0.6754382 -0.6941977 -0.2487423 4.359561 -4.241752 0
5.640034 -0.6305388 -0.7352197 -0.2487423 4.61718 -3.959784 0
5.650034 -0.5831533 -0.773343 -0.2487423 4.856594 -3.662203 0
5.660035 -0.5334687 -0.8084173 -0.2487423 5.07686 -3.350183 0
5.670035 -0.4816807 -0.8403041 -0.2487423 5.27711 -3.024955 0
5.680035 -0.4279935 -0.8688779 -0.2487423 5.456553 -2.687799 0
5.690035 -0.3726189 -0.8940259 -0.2487423 5.614483 -2.340047 0
5.700036 -0.3157752 -0.9156491 -0.2487423 5.750276 -1.983069 0
5.710036 -0.2576829 -0.9336631 -0.2487423 5.863404 -1.618249 0
5.720036 -0.1985782 -0.9479947 -0.2487423 5.953407 -1.247071 0
5.730036 -0.1386905 -0.9585887 -0.2487423 6.019937 -0.8709764 0
5.740036 -0.07825598 -0.9654031 -0.2487423 6.062732 -0.4914476 0
5.750037 -0.01751292 -0.9684113 -0.2487423 6.081623 -0.1099812 0
5.760037 0.04329918 -0.9676014 -0.2487423 6.076537 0.2719189 0
5.770037 0.1039406 -0.9629765 -0.2487423 6.047492 0.6527468 0
5.780037 0.1641722 -0.9545547 -0.2487423 5.994604 1.031001 0
5.790038 0.2237564 -0.9423695 -0.2487423 5.918081 1.40519 0
5.800038 0.2824585 -0.9264688 -0.2487423 5.818224 1.77384 0
5.810038 0.340047 -0.9069152 -0.2487423 5.695428 2.135495 0
5.820038 0.3962947 -0.883786 -0.2487423 5.550177 2.488731 0
5.830039 0.4509799 -0.8571723 -0.2487423 5.383042 2.832154 0
5.840039 0.5038871 -0.827179 -0.2487423 5.194684 3.164411 0
5.850039 0.5548076 -0.7939243 -0.2487423 4.985845 3.484192 0
5.860039 0.6035407 -0.7575394 -0.2487423 4.757348 3.790235 0
5.870039 0.6498941 -0.7181678 -0.2487423 4.510094 4.081335 0
5.88004 0.6936852 -0.6759646 -0.2487423 4.245058 4.356343 0
5.89004 0.7347413 -0.6310963 -0.2487423 3.963285 4.614175 0
5.90004 0.7729005 -0.5837398 -0.2487423 3.665886 4.853815 0
5.91004 0.8080124 -0.5340817 -0.2487423 3.354033 5.074318 0
5.920041 0.8399385 -0.4823179 -0.2487423 3.028956 5.274814 0
5.930041 0.868553 -0.4286524 -0.2487423 2.691937 5.454513 0
5.940041 0.893743 -0.3732969 -0.2487423 2.344305 5.612707 0
5.950041 0.9154093 -0.3164696 -0.2487423 1.987429 5.748771 0
5.960042 0.9334664 -0.2583946 -0.2487423 1.622718 5.862169 0
5.970042 0.9478431 -0.1993008 -0.2487423 1.251609 5.952455 0
5.980042 0.9584827 -0.1394212 -0.2487423 0.8755651 6.019271 0
5.990042 0.9653432 -0.07899188 -0.2487423 0.496069 6.062356 0
6.000042 0.9683977 -0.01825114 -0.2487423 0.1146172 6.081538 0
6.010043 0.9676341 0.04256156 -0.2487423 -0.2672866 6.076742 0
6.020043 0.9630554 0.1032065 -0.2487423 -0.6481366 6.047988 0
6.030043 0.9546796 0.1634444 -0.2487423 -1.026431 5.995388 0
6.040043 0.9425398 0.223038 -0.2487423 -1.400679 5.91915 0
6.050044 0.9266838 0.2817522 -0.2487423 -1.769404 5.819574 0
6.060044 0.9071742 0.3393555 -0.2487423 -2.131153 5.697054 0
6.070044 0.8840879 0.3956209 -0.2487423 -2.484499 5.552072 0
6.080044 0.8575158 0.4503264 -0.2487423 -2.82805 5.3852 0
6.090044 0.8275629 0.5032564 -0.2487423 -3.16045 5.197095 0
6.100045 0.794347 0.5542023 -0.2487423 -3.48039 4.988499 0
6.110045 0.7579993 0.602963 -0.2487423 -3.786608 4.760235 0
6.120045 0.718663 0.6493464 -0.2487423 -4.077896 4.513204 0
6.130045 0.6764932 0.6931697 -0.2487423 -4.353106 4.248377 0
6.140046 0.6316562 0.73426 -0.2487423 -4.611153 3.966801 0
6.150046 0.5843287 0.7724553 -0.2487423 -4.851019 3.669585 0
6.160046 0.5346975 0.807605 -0.2487423 -5.07176 3.3579 0
6.170046 0.482958 0.8395706 -0.2487423 -5.272503 3.032976 0
6.180047 0.4293144 0.8682261 -0.2487423 -5.452459 2.696095 0
6.190047 0.3739747 0.8934597 -0.2487423 -5.610927 2.348561 0
6.200047 0.3171639 0.9151691 -0.2487423 -5.747262 1.991789 0
6.210047 0.2591026 0.9332701 -0.2487423 -5.860936 1.627164 0
6.220047 0.2000197 0.9476916 -0.2487423 -5.951503 1.256124 0
6.230048 0.1401481 0.9583766 -0.2487423 -6.018605 0.8801304 0
6.240048 0.07972406 0.965283 -0.2487423 -6.061978 0.5006671 0
6.250048 0.01898565 0.9683836 -0.2487423 -6.081449 0.1192299 0
6.260048 -0.04182762 0.9676661 -0.2487423 -6.076943 -0.2626774 0
6.270049 -0.102476 0.9631334 -0.2487423 -6.048478 -0.6435491 0
6.280049 -0.1627203 0.9548033 -0.2487423 -5.996165 -1.021883 0
6.290049 -0.2223231 0.9427087 -0.2487423 -5.920211 -1.396189 0
6.300049 -0.2810493 0.9268972 -0.2487423 -5.820915 -1.764989 0
6.31005 -0.3386673 0.9074314 -0.2487423 -5.698669 -2.126831 0
6.32005 -0.3949502 0.8843877 -0.2487423 -5.553955 -2.480287 0
6.33005 -0.4496759 0.8578572 -0.2487423 -5.387343 -2.823964 0
6.34005 -0.5026286 0.8279443 -0.2487423 -5.199491 -3.156507 0
6.35005 -0.5535996 0.7947671 -0.2487423 -4.991138 -3.476605 0
6.360051 -0.6023878 0.7584564 -0.2487423 -4.763106 -3.782996 0
6.370051 -0.6488011 0.7191553 -0.2487423 -4.516295 -4.074471 0
6.380051 -0.6926564 0.6770187 -0.2487423 -4.251678 -4.349882 0
6.390051 -0.7337807 0.6322129 -0.2487423 -3.970297 -4.608143 0
6.400052 -0.7720119 0.5849144 -0.2487423 -3.673263 -4.848235 0
6.410052 -0.8071992 0.5353099 -0.2487423 -3.361746 -5.069211 0
6.420052 -0.8392041 0.4835947 -0.2487423 -3.036975 -5.270202 0
6.430052 -0.8679001 0.4299729 -0.2487423 -2.700229 -5.450413 0
6.440053 -0.8931743 0.3746557 -0.2487423 -2.352838 -5.609135 0
6.450053 -0.9149269 0.3178614 -0.2487423 -1.99617 -5.745741 0
6.460053 -0.9330723 0.2598139 -0.2487423 -1.631631 -5.859694 0
6.470053 -0.9475389 0.200742 -0.2487423 -1.26066 -5.950544 0
6.480053 -0.9582695 0.1408787 -0.2487423 -0.8847181 -6.017932 0
6.490054 -0.965222 0.08045987 -0.2487423 -0.505288 -6.061594 0
6.500054 -0.9683688 0.01972384 -0.2487423 -0.1238657 -6.081357 0
6.510054 -0.9676977 -0.04108995 -0.2487423 0.2580449 -6.077142 0
6.520054 -0.9632112 -0.1017417 -0.2487423 0.6389381 -6.048967 0
6.530055 -0.954927 -0.1619924 -0.2487423 1.017312 -5.996942 0
6.540055 -0.9428779 -0.2216044 -0.2487423 1.391675 -5.921273 0
6.550055 -0.9271113 -0.2803426 -0.2487423 1.760551 -5.822259 0
6.560055 -0.9076893 -0.3379755 -0.2487423 2.122486 -5.700289 0
6.570055 -0.8846885 -0.3942759 -0.2487423 2.476053 -5.555844 0
6.580056 -0.8581997 -0.4490218 -0.2487423 2.819857 -5.389494 0
6.590056 -0.8283272 -0.5019972 -0.2487423 3.152543 -5.201895 0
6.600056 -0.7951889 -0.5529936 -0.2487423 3.4728 -4.993786 0
6.610056 -0.7589154 -0.6018095 -0.2487423 3.779364 -4.765988 0
6.620057 -0.7196497 -0.6482527 -0.2487423 4.071027 -4.5194 0
6.630057 -0.6775466 -0.6921401 -0.2487423 4.34664 -4.254992 0
6.640057 -0.6327721 -0.7332985 -0.2487423 4.605114 -3.973809 0
6.650057 -0.5855028 -0.7715658 -0.2487423 4.845433 -3.676958 0
6.660058 -0.535925 -0.8067909 -0.2487423 5.066647 -3.365609 0
6.670058 -0.4842343 -0.8388352 -0.2487423 5.267885 -3.040991 0
6.680058 -0.430631 -0.8675737 -0.2487423 5.448363 -2.704363 0
6.690058 -0.3753331 -0.8928899 -0.2487423 5.607349 -2.357092 0
6.700058 -0.3185553 -0.9146856 -0.2487423 5.744226 -2.000527 0
6.710059 -0.2605216 -0.932875 -0.2487423 5.858455 -1.636075 0
6.720059 -0.2014607 -0.9473863 -0.2487423 5.949586 -1.265173 0
6.730059 -0.1416055 -0.9581624 -0.2487423 6.01726 -0.8892823 0
6.740059 -0.08119196 -0.9651607 -0.2487423 6.061209 -0.5098855 0
6.75006 -0.02045833 -0.9683536 -0.2487423 6.081261 -0.1284783 0
6.76006 0.04035596 -0.9677286 -0.2487423 6.077336 0.2534354 0
6.77006 0.1010111 -0.9632881 -0.2487423 6.049449 0.6343499 0
6.78006 0.1612681 -0.9550497 -0.2487423 5.997712 1.012763 0
6.790061 0.2208891 -0.9430457 -0.2487423 5.922327 1.387184 0
6.800061 0.2796393 -0.9273236 -0.2487423 5.823592 1.756135 0
6.810061 0.3372869 -0.9079453 -0.2487423 5.701897 2.118162 0
6.820061 0.3936048 -0.8849873 -0.2487423 5.55772 2.471838 0
6.830061 0.4483707 -0.85854 -0.2487423 5.391631 2.815768 0
6.840062 0.5013689 -0.8287077 -0.2487423 5.204285 3.148597 0
6.850062 0.5523902 -0.7956081 -0.2487423 4.996419 3.469011 0
6.860062 0.6012338 -0.7593716 -0.2487423 4.768854 3.775748 0
6.870062 0.6477067 -0.7201412 -0.2487423 4.522487 4.067598 0
6.880063 0.691626 -0.6780713 -0.2487423 4.258288 4.343411 0
6.890063 0.7328184 -0.6333281 -0.2487423 3.977301 4.602099 0
6.900063 0.7711214 -0.5860878 -0.2487423 3.680632 4.842643 0
6.910063 0.8063842 -0.5365368 -0.2487423 3.369451 5.064093 0
6.920063 0.8384677 -0.4848703 -0.2487423 3.044986 5.265577 0
6.930064 0.8672453 -0.4312922 -0.2487423 2.708515 5.4463 0
6.940064 0.8926035 -0.3760136 -0.2487423 2.361366 5.60555 0
6.950064 0.9144425 -0.3192525 -0.2487423 2.004905 5.742699 0
6.960064 0.9326761 -0.2612326 -0.2487423 1.640541 5.857206 0
6.970065 0.9472325 -0.2021828 -0.2487423 1.269708 5.94862 0
6.980065 0.9580542 -0.1423358 -0.2487423 0.893869 6.01658 0
6.990065 0.9650985 -0.08192768 -0.2487423 0.5145058 6.060819 0
7.000065 0.9683377 -0.0211965 -0.2487423 0.133114 6.081161 0
7.010066 0.9677591 0.03961825 -0.2487423 -0.2488026 6.077527 0
7.020066 0.9633648 0.1002768 -0.2487423 -0.6297383 6.049931 0
7.030066 0.9551724 0.16054 -0.2487423 -1.008191 5.998482 0
7.040066 0.9432138 0.2201702 -0.2487423 -1.382669 5.923383 0
7.050066 0.9275365 0.2789323 -0.2487423 -1.751695 5.824929 0
7.060067 0.9082022 0.3365947 -0.2487423 -2.113815 5.70351 0
7.070067 0.8852871 0.3929301 -0.2487423 -2.467601 5.559603 0
7.080067 0.8588815 0.4477161 -0.2487423 -2.811657 5.393776 0
7.090067 0.8290896 0.500737 -0.2487423 -3.144628 5.206683 0
7.100068 0.7960289 0.5517836 -0.2487423 -3.465201 4.999062 0
7.110068 0.7598297 0.6006547 -0.2487423 -3.772112 4.77173 0
7.120068 0.7206347 0.6471576 -0.2487423 -4.06415 4.525586 0
7.130068 0.6785983 0.6911089 -0.2487423 -4.340164 4.261598 0
7.140069 0.6338866 0.7323354 -0.2487423 -4.599066 3.980808 0
7.150069 0.5866755 0.7706745 -0.2487423 -4.839836 3.684322 0
7.160069 0.5371514 0.805975 -0.2487423 -5.061523 3.373311 0
7.170069 0.4855062 0.8380996 -0.2487423 -5.263266 3.048979 0
7.180069 0.4319499 0.8669178 -0.2487423 -5.444244 2.712645 0
7.19007 0.3766905 0.892318 -0.2487423 -5.603757 2.365617 0
7.20007 0.319946 0.9142001 -0.2487423 -5.741177 2.009261 0
7.21007 0.26194 0.9324777 -0.2487423 -5.85596 1.644983 0
7.22007 0.2029012 0.9470788 -0.2487423 -5.947655 1.27422 0
7.230071 0.1430625 0.9579459 -0.2487423 -6.015901 0.8984323 0
7.240071 0.08265966 0.9650361 -0.2487423 -6.060427 0.5191027 0
7.250071 0.02193096 0.9683214 -0.2487423 -6.081059 0.1377264 0
7.260071 -0.0388842 0.9677889 -0.2487423 -6.077714 -0.2441928 0
7.270072 -0.09954607 0.9634406 -0.2487423 -6.050407 -0.6251493 0
7.280072 -0.1598154 0.9552938 -0.2487423 -5.999245 -1.003641 0
7.290072 -0.2194547 0.9433806 -0.2487423 -5.92443 -1.378176 0
7.300072 -0.2782287 0.9277478 -0.2487423 -5.826256 -1.747276 0
7.310072 -0.3359058 0.9084573 -0.2487423 -5.705112 -2.109488 0
7.320073 -0.3922585 0.8855849 -0.2487423 -5.561473 -2.463383 0
7.330073 -0.4470645 0.8592209 -0.2487423 -5.395907 -2.807565 0
7.340073 -0.500108 0.8294693 -0.2487423 -5.209067 -3.140678 0
7.350073 -0.5511796 0.7964473 -0.2487423 -5.001689 -3.461408 0
7.360074 -0.6000782 0.7602851 -0.2487423 -4.77459 -3.768491 0
7.370074 -0.6466108 0.7211254 -0.2487423 -4.528667 -4.060716 0
7.380074 -0.690594 0.6791224 -0.2487423 -4.264889 -4.33693 0
7.390074 -0.7318544 0.6344419 -0.2487423 -3.984295 -4.596045 0
7.400074 -0.7702292 0.5872599 -0.2487423 -3.687992 -4.837039 0
7.410075 -0.8055673 0.5377625 -0.2487423 -3.377149 -5.058963 0
7.420075 -0.8377293 0.486145 -0.2487423 -3.05299 -5.26094 0
7.430075 -0.8665883 0.4326106 -0.2487423 -2.716795 -5.442174 0
7.440075 -0.8920307 0.3773706 -0.2487423 -2.369888 -5.601953 0
7.450076 -0.9139559 0.3206428 -0.2487423 -2.013637 -5.739643 0
7.460076 -0.9322777 0.2626507 -0.2487423 -1.649447 -5.854704 0
7.470076 -0.9469239 0.2036231 -0.2487423 -1.278753 -5.946682 0
7.480076 -0.9578366 0.1437927 -0.2487423 -0.9030179 -6.015214 0
7.490077 -0.9649728 0.08339529 -0.2487423 -0.5237224 -6.06003 0
7.500077 -0.9683043 0.02266911 -0.2487423 -0.142362 -6.080952 0
7.510077 -0.9678182 -0.03814645 -0.2487423 0.2395597 -6.077899 0
7.520077 -0.9635162 -0.0988116 -0.2487423 0.6205369 -6.050882 0
7.530077 -0.9554154 -0.1590872 -0.2487423 0.9990674 -6.000009 0
7.540078 -0.9435476 -0.2187355 -0.2487423 1.373659 -5.925479 0
7.550078 -0.9279596 -0.2775214 -0.2487423 1.742835 -5.827587 0
7.560078 -0.908713 -0.3352132 -0.2487423 2.105139 -5.706718 0
7.570078 -0.8858836 -0.3915833 -0.2487423 2.459143 -5.563349 0
7.580079 -0.8595614 -0.4464094 -0.2487423 2.803451 -5.398046 0
7.590079 -0.8298503 -0.4994756 -0.2487423 3.136707 -5.21146 0
7.600079 -0.7968672 -0.5505724 -0.2487423 3.457595 -5.004326 0
7.610079 -0.7607423 -0.5994985 -0.2487423 3.76485 -4.777462 0
7.62008 -0.7216181 -0.6460609 -0.2487423 4.057262 -4.531761 0
7.63008 -0.6796486 -0.6900761 -0.2487423 4.333678 -4.268193 0
7.64008 -0.6349996 -0.7313705 -0.2487423 4.593007 -3.987797 0
7.65008 -0.5878439 -0.7697836 -0.2487423 4.834241 -3.69166 0
7.66008 -0.5383734 -0.8051592 -0.2487423 5.0564 -3.380985 0
7.670081 -0.4867802 -0.8373603 -0.2487423 5.258623 -3.05698 0
7.680081 -0.4332678 -0.8662599 -0.2487423 5.440113 -2.720922 0
7.690081 -0.3780471 -0.8917442 -0.2487423 5.600153 -2.374136 0
7.700081 -0.3213359 -0.9137125 -0.2487423 5.738114 -2.017989 0
7.710082 -0.2633578 -0.9320783 -0.2487423 5.853452 -1.653887 0
7.720082 -0.2043413 -0.9467692 -0.2487423 5.94571 -1.283263 0
7.730082 -0.1445191 -0.9577273 -0.2487423 6.014527 -0.9075801 0
7.740082 -0.08412718 -0.9649093 -0.2487423 6.05963 -0.5283187 0
7.750082 -0.02340355 -0.9682869 -0.2487423 6.080842 -0.1469743 0
7.760083 0.03741236 -0.9678469 -0.2487423 6.078079 0.2349496 0
7.770083 0.09808076 -0.9635909 -0.2487423 6.051351 0.6159472 0
7.780083 0.1583624 -0.9555358 -0.2487423 6.000765 0.9945163 0
7.790083 0.2180198 -0.9437132 -0.2487423 5.926519 1.369164 0
7.800084 0.2768175 -0.9281699 -0.2487423 5.828907 1.738414 0
7.810084 0.3345238 -0.908967 -0.2487423 5.708313 2.10081 0
7.820084 0.3909112 -0.8861804 -0.2487423 5.565213 2.454922 0
7.830084 0.4457574 -0.8598998 -0.2487423 5.400171 2.799356 0
7.840085 0.498846 -0.8302289 -0.2487423 5.213837 3.132753 0
7.850085 0.5499678 -0.7972845 -0.2487423 5.006947 3.453798 0
7.860085 0.5989213 -0.7611968 -0.2487423 4.780316 3.761226 0
7.870085 0.6455134 -0.7221079 -0.2487423 4.534838 4.053824 0
7.880085 0.6895604 -0.6801718 -0.2487423 4.271479 4.330439 0
7.890086 0.7308887 -0.6355541 -0.2487423 3.99128 4.589981 0
7.900086 0.7693353 -0.5884306 -0.2487423 3.695344 4.831426 0
7.910086 0.8047485 -0.538987 -0.2487423 3.384838 5.053821 0
7.920086 0.836989 -0.4874184 -0.2487423 3.060987 5.256291 0
7.930087 0.8659294 -0.433928 -0.2487423 2.725068 5.438037 0
7.940087 0.8914557 -0.3787268 -0.2487423 2.378404 5.598342 0
7.950087 0.9134672 -0.3220323 -0.2487423 2.022363 5.736574 0
7.960087 0.9318773 -0.2640682 -0.2487423 1.658348 5.85219 0
7.970088 0.9466132 -0.2050629 -0.2487423 1.287795 5.944731 0
7.980088 0.9576168 -0.1452492 -0.2487423 0.9121647 6.013834 0
7.990088 0.9648448 -0.0848627 -0.2487423 0.5329378 6.059226 0
8.000088 0.9682687 -0.02414536 -0.2487423 0.1516328 6.080728 0
8.010088 0.9678752 0.03667087 -0.2487423 -0.2302931 6.078257 0
8.020088 0.9636658 0.09734251 -0.2487423 -0.611311 6.051821 0
8.030088 0.9556562 0.157634 -0.2487423 -0.9899417 6.001521 0
8.040089 0.9438791 0.2173003 -0.2487423 -1.364646 5.927561 0
8.050089 0.9283806 0.2761099 -0.2487423 -1.73397 5.83023 0
8.060089 0.9092218 0.3338308 -0.2487423 -2.096457 5.709913 0
8.070089 0.8864781 0.3902355 -0.2487423 -2.450679 5.567082 0
8.08009 0.8602394 0.4451017 -0.2487423 -2.795239 5.402303 0
8.09009 0.8306088 0.498213 -0.2487423 -3.128778 5.216224 0
8.10009 0.7977036 0.5493599 -0.2487423 -3.44998 5.009578 0
8.11009 0.7616531 0.5983409 -0.2487423 -3.757581 4.783182 0
8.12009 0.7225997 0.6449627 -0.2487423 -4.050366 4.537926 0
8.130091 0.6806973 0.6890417 -0.2487423 -4.327182 4.274779 0
8.140091 0.6361111 0.730404 -0.2487423 -4.586937 3.994777 0
8.150091 0.5890169 0.7688864 -0.2487423 -4.828607 3.699026 0
8.160091 0.5396003 0.8043374 -0.2487423 -5.051239 3.38869 0
8.170092 0.4880563 0.8366172 -0.2487423 -5.253956 3.064993 0
8.180092 0.434588 0.8655984 -0.2487423 -5.435958 2.729213 0
8.190092 0.3794062 0.8911667 -0.2487423 -5.596527 2.382671 0
8.200092 0.3227286 0.9132215 -0.2487423 -5.735031 2.026736 0
8.210093 0.2647785 0.9316757 -0.2487423 -5.850923 1.662809 0
8.220093 0.2057845 0.9464566 -0.2487423 -5.943747 1.292327 0
8.230093 0.1459791 0.9575058 -0.2487423 -6.013136 0.9167488 0
8.240093 0.08559818 0.9647799 -0.2487423 -6.058818 0.5375566 0
8.250093 0.02487977 0.9682501 -0.2487423 -6.080611 0.1562449 0
8.260094 -0.03593674 0.9679028 -0.2487423 -6.07843 -0.2256827 0
8.270094 -0.09661156 0.9637393 -0.2487423 -6.052283 -0.6067206 0
8.280094 -0.1569055 0.9557761 -0.2487423 -6.002274 -0.9853663 0
8.290094 -0.2165807 0.9440445 -0.2487423 -5.9286 -1.360127 0
8.300095 -0.2754021 0.9285908 -0.2487423 -5.831551 -1.729525 0
8.310095 -0.3331376 0.909476 -0.2487423 -5.711509 -2.092104 0
8.320095 -0.3895597 0.8867754 -0.2487423 -5.568949 -2.446435 0
8.330095 -0.4444458 0.8605784 -0.2487423 -5.404432 -2.79112 0
8.340096 -0.4975797 0.8309885 -0.2487423 -5.218607 -3.1248 0
8.350096 -0.5487516 0.7981221 -0.2487423 -5.012207 -3.44616 0
8.360096 -0.5977601 0.762109 -0.2487423 -4.786045 -3.753933 0
8.370096 -0.6444117 0.7230912 -0.2487423 -4.541012 -4.046906 0
8.380096 -0.6885226 0.6812224 -0.2487423 -4.278077 -4.323922 0
8.390097 -0.7299188 0.6366677 -0.2487423 -3.998273 -4.58389 0
8.400097 -0.7684372 0.5896028 -0.2487423 -3.702706 -4.825786 0
8.410097 -0.8039259 0.5402133 -0.2487423 -3.39254 -5.048655 0
8.420097 -0.8362449 0.4886939 -0.2487423 -3.068998 -5.251618 0
8.430098 -0.8652669 0.4352477 -0.2487423 -2.733356 -5.433876 0
8.440098 -0.8908773 0.3800854 -0.2487423 -2.386937 -5.594709 0
8.450098 -0.9129753 0.3234246 -0.2487423 -2.031107 -5.733485 0
8.460098 -0.9314736 0.2654886 -0.2487423 -1.667269 -5.849654 0
8.470098 -0.9462994 0.2065059 -0.2487423 -1.296857 -5.94276 0
8.480099 -0.9573942 0.146709 -0.2487423 -0.9213324 -6.012436 0
8.490099 -0.9647143 0.08633361 -0.2487423 -0.5421751 -6.058406 0
8.500099 -0.9682308 0.02561786 -0.2487423 -0.1608801 -6.08049 0
8.510099 -0.9679299 -0.0351989 -0.2487423 0.2210491 -6.0786 0
8.5201 -0.9638123 -0.09588055 -0.2487423 0.6021299 -6.052741 0
8.5301 -0.9558948 -0.1561805 -0.2487423 0.9808135 -6.003019 0
8.5401 -0.9442085 -0.2158646 -0.2487423 1.35563 -5.929629 0
8.5501 -0.9287995 -0.2746977 -0.2487423 1.725102 -5.83286 0
8.560101 -0.9097284 -0.3324477 -0.2487423 2.087772 -5.713094 0
8.570101 -0.8870705 -0.388887 -0.2487423 2.44221 -5.570803 0
8.580101 -0.8609152 -0.443793 -0.2487423 2.78702 -5.406548 0
8.590101 -0.8313656 -0.4969492 -0.2487423 3.120841 -5.220976 0
8.600101 -0.7985381 -0.5481461 -0.2487423 3.442358 -5.01482 0
8.610102 -0.7625622 -0.5971819 -0.2487423 3.750302 -4.78889 0
8.620102 -0.7235798 -0.643863 -0.2487423 4.04346 -4.544081 0
8.630102 -0.6817444 -0.6880057 -0.2487423 4.320676 -4.281355 0
8.640102 -0.6372211 -0.7294357 -0.2487423 4.580856 -4.001749 0
8.650103 -0.5901855 -0.7679898 -0.2487423 4.822976 -3.706365 0
8.660103 -0.5408229 -0.8035159 -0.2487423 5.04608 -3.396368 0
8.670103 -0.489328 -0.835874 -0.2487423 5.249289 -3.07298 0
8.680103 -0.4359039 -0.8649364 -0.2487423 5.431801 -2.737476 0
8.690104 -0.3807611 -0.8905888 -0.2487423 5.592897 -2.391179 0
8.700104 -0.324117 -0.9127297 -0.2487423 5.731942 -2.035455 0
8.710104 -0.2661951 -0.931272 -0.2487423 5.848388 -1.671705 0
8.720104 -0.2072236 -0.9461425 -0.2487423 5.941775 -1.301364 0
8.730104 -0.1474351 -0.9572827 -0.2487423 6.011735 -0.9258924 0
8.740105 -0.0870653 -0.9646486 -0.2487423 6.057993 -0.5467701 0
8.750105 -0.02635224 -0.9682111 -0.2487423 6.080366 -0.1654921 0
8.760105 0.03446473 -0.9679563 -0.2487423 6.078766 0.2164385 0
8.770105 0.09514581 -0.9638851 -0.2487423 6.053199 0.5975157 0
8.780106 0.1554518 -0.9560136 -0.2487423 6.003766 0.9762371 0
8.790106 0.2151448 -0.9443728 -0.2487423 5.930661 1.351109 0
8.800106 0.2739896 -0.9290086 -0.2487423 5.834174 1.720655 0
8.810106 0.3317541 -0.9099816 -0.2487423 5.714684 2.083416 0
8.820107 0.3882106 -0.8873668 -0.2487423 5.572663 2.437963 0
8.830107 0.4431365 -0.8612533 -0.2487423 5.408671 2.782897 0
8.840107 0.4963153 -0.8317442 -0.2487423 5.223354 3.11686 0
8.850107 0.5475372 -0.7989557 -0.2487423 5.017442 3.438534 0
8.860107 0.5966004 -0.7630172 -0.2487423 4.791748 3.74665 0
8.870108 0.6433113 -0.7240703 -0.2487423 4.547162 4.039995 0
8.880108 0.6874858 -0.6822686 -0.2487423 4.284647 4.317411 0
8.890108 0.7289498 -0.637777 -0.2487423 4.005239 4.577805 0
8.900108 0.7675397 -0.5907708 -0.2487423 3.710041 4.820149 0
8.910109 0.8031034 -0.5414352 -0.2487423 3.400213 5.043489 0
8.920109 0.8355007 -0.4899651 -0.2487423 3.076981 5.246944 0
8.930109 0.8646039 -0.4365631 -0.2487423 2.741616 5.429713 0
8.940109 0.8902982 -0.3814399 -0.2487423 2.395442 5.591073 0
8.950109 0.9124823 -0.3248127 -0.2487423 2.039824 5.730389 0
8.96011 0.9310687 -0.2669049 -0.2487423 1.676163 5.847112 0
8.97011 0.9459842 -0.2079448 -0.2487423 1.305893 5.940781 0
8.98011 0.95717 -0.1481648 -0.2487423 0.9304749 6.011028 0
8.99011 0.9645819 -0.08780064 -0.2487423 0.551388 6.057574 0
9.000111 0.9681907 -0.0270903 -0.2487423 0.1701271 6.080238 0
9.010111 0.9679822 0.03373054 -0.2487423 -0.2118278 6.078928 0
9.020111 0.963957 0.09441469 -0.2487423 -0.5929242 6.05365 0
9.030111 0.9561312 0.1547266 -0.2487423 -0.971683 6.004504 0
9.040112 0.9445357 0.2144285 -0.2487423 -1.346611 5.931684 0
9.050112 0.9292161 0.2732849 -0.2487423 -1.716229 5.835477 0
9.060112 0.910233 0.3310638 -0.2487423 -2.079081 5.716263 0
9.070112 0.887661 0.3875375 -0.2487423 -2.433735 5.574511 0
9.080112 0.8615892 0.4424832 -0.2487423 -2.778794 5.41078 0
9.090113 0.8321204 0.4956843 -0.2487423 -3.112897 5.225716 0
9.100113 0.7993708 0.546931 -0.2487423 -3.434727 5.020049 0
9.110113 0.7634695 0.5960214 -0.2487423 -3.743015 4.794589 0
9.120113 0.7245581 0.6427619 -0.2487423 -4.036545 4.550225 0
9.130114 0.6827899 0.6869681 -0.2487423 -4.31416 4.28792 0
9.140114 0.6383297 0.7284658 -0.2487423 -4.574765 4.008711 0
9.150114 0.5913528 0.7670914 -0.2487423 -4.817334 3.713696 0
9.160114 0.5420443 0.8026925 -0.2487423 -5.040909 3.404038 0
9.170115 0.4905986 0.8351288 -0.2487423 -5.244609 3.080959 0
9.180115 0.4372188 0.8642725 -0.2487423 -5.427631 2.745734 0
9.190115 0.382115 0.8900087 -0.2487423 -5.589254 2.399682 0
9.200115 0.3255047 0.9122357 -0.2487423 -5.72884 2.04417 0
9.210115 0.267611 0.9308661 -0.2487423 -5.845839 1.680597 0
9.220116 0.2086622 0.9458263 -0.2487423 -5.939789 1.310399 0
9.230116 0.1488907 0.9570574 -0.2487423 -6.010321 0.9350339 0
9.240116 0.08853222 0.964515 -0.2487423 -6.057155 0.5559824 0
9.250116 0.02782465 0.96817 -0.2487423 -6.080107 0.1747388 0
9.260117 -0.03299263 0.9680076 -0.2487423 -6.079088 -0.2071937 0
9.270117 -0.09367984 0.9640287 -0.2487423 -6.054101 -0.5883094 0
9.280117 -0.1539977 0.9562489 -0.2487423 -6.005243 -0.9671054 0
9.290117 -0.2137084 0.9446989 -0.2487423 -5.932709 -1.342089 0
9.300117 -0.2725765 0.9294242 -0.2487423 -5.836784 -1.71178 0
9.310118 -0.3303699 0.9104851 -0.2487423 -5.717846 -2.074723 0
9.320118 -0.3868607 0.8879561 -0.2487423 -5.576364 -2.429485 0
9.330118 -0.4418263 0.8619262 -0.2487423 -5.412897 -2.774669 0
9.340118 -0.4950498 0.832498 -0.2487423 -5.228087 -3.108913 0
9.350119 -0.5463216 0.7997875 -0.2487423 -5.022666 -3.4309 0
9.360119 -0.5954393 0.7639236 -0.2487423 -4.797441 -3.739359 0
9.370119 -0.6422094 0.7250478 -0.2487423 -4.5533 -4.033075 0
9.380119 -0.6864474 0.6833134 -0.2487423 -4.291208 -4.31089 0
9.39012 -0.7279789 0.6388848 -0.2487423 -4.012197 -4.571708 0
9.40012 -0.7666404 0.5919374 -0.2487423 -3.717367 -4.814502 0
9.41012 -0.8022791 0.542656 -0.2487423 -3.40788 -5.038313 0
9.42012 -0.8347546 0.4912351 -0.2487423 -3.084957 -5.24226 0
9.43012 -0.863939 0.4378775 -0.2487423 -2.749871 -5.425537 0
9.440121 -0.8897171 0.3827934 -0.2487423 -2.403942 -5.587424 0
9.450121 -0.9119873 0.3262 -0.2487423 -2.048536 -5.72728 0
9.460121 -0.9306618 0.2683205 -0.2487423 -1.685053 -5.844556 0
9.470121 -0.945667 0.2093832 -0.2487423 -1.314926 -5.938788 0
9.480122 -0.9569436 0.1496203 -0.2487423 -0.9396153 -6.009606 0
9.490122 -0.9644476 0.08926377 -0.2487423 -0.5605765 -6.056731 0
9.500122 -0.9681485 0.02855898 -0.2487423 -0.1793504 -6.079973 0
9.510122 -0.9680324 -0.03225841 -0.2487423 0.2025828 -6.079243 0
9.520123 -0.9640995 -0.09294861 -0.2487423 0.5837173 -6.054545 0
9.530123 -0.9563654 -0.1532723 -0.2487423 0.9625503 -6.005975 0
9.540123 -0.9448607 -0.2129918 -0.2487423 1.337588 -5.933725 0
9.550123 -0.9296306 -0.2718714 -0.2487423 1.707353 -5.83808 0
9.560123 -0.9107353 -0.3296792 -0.2487423 2.070385 -5.719418 0
9.570124 -0.8882493 -0.3861871 -0.2487423 2.425255 -5.578206 0
9.580124 -0.8622611 -0.4411724 -0.2487423 2.770563 -5.415 0
9.590124 -0.8328732 -0.4944182 -0.2487423 3.104947 -5.230444 0
9.600124 -0.8002017 -0.5457148 -0.2487423 3.427089 -5.025266 0
9.610125 -0.7643751 -0.5948597 -0.2487423 3.735719 -4.800275 0
9.620125 -0.7255347 -0.6416593 -0.2487423 4.02962 -4.556358 0
9.630125 -0.6838338 -0.685929 -0.2487423 4.307634 -4.294477 0
9.640125 -0.6394368 -0.7274942 -0.2487423 4.568664 -4.015664 0
9.650126 -0.5925186 -0.7661912 -0.2487423 4.811681 -3.721017 0
9.660126 -0.5432644 -0.8018672 -0.2487423 5.035727 -3.4117 0
9.670126 -0.4918681 -0.8343818 -0.2487423 5.239918 -3.088932 0
9.680126 -0.4385326 -0.8636066 -0.2487423 5.42345 -2.753985 0
9.690126 -0.3834681 -0.8894265 -0.2487423 5.585598 -2.40818 0
9.700127 -0.3268916 -0.9117396 -0.2487423 5.725725 -2.05288 0
9.710127 -0.2690264 -0.930458 -0.2487423 5.843277 -1.689486 0
9.720127 -0.2101004 -0.9455078 -0.2487423 5.937789 -1.31943 0
9.730127 -0.1503461 -0.9568298 -0.2487423 6.008891 -0.9441732 0
9.740128 -0.08999895 -0.9643793 -0.2487423 6.056302 -0.5651934 0
9.750128 -0.02929699 -0.9681265 -0.2487423 6.079834 -0.1839851 0
9.760128 0.03152047 -0.9680567 -0.2487423 6.079396 0.1979485 0
9.770128 0.09221365 -0.96417 -0.2487423 6.054988 0.5791017 0
9.780128 0.1525433 -0.956482 -0.2487423 6.006707 0.9579717 0
9.790129 0.2122714 -0.9450228 -0.2487423 5.934743 1.333065 0
9.800129 0.2711627 -0.9298376 -0.2487423 5.83938 1.702902 0
9.810129 0.3289848 -0.9109864 -0.2487423 5.720994 2.066025 0
9.820129 0.3855098 -0.8885434 -0.2487423 5.580053 2.421002 0
9.83013 0.440515 -0.8625972 -0.2487423 5.41711 2.766434 0
9.84013 0.4937832 -0.8332499 -0.2487423 5.23281 3.100959 0
9.85013 0.5451046 -0.8006174 -0.2487423 5.027877 3.423257 0
9.86013 0.5942768 -0.7648283 -0.2487423 4.803122 3.732059 0
9.870131 0.641106 -0.7260237 -0.2487423 4.559429 4.026146 0
9.880131 0.6854075 -0.6843566 -0.2487423 4.297759 4.304359 0
9.890131 0.7270066 -0.6399912 -0.2487423 4.019145 4.565601 0
9.900131 0.7657393 -0.5931025 -0.2487423 3.724684 4.808843 0
9.910131 0.8014529 -0.5438755 -0.2487423 3.415538 5.033124 0
9.920132 0.8340066 -0.4925041 -0.2487423 3.092926 5.237562 0
9.930132 0.8632721 -0.4391908 -0.2487423 2.758118 5.421349 0
9.940132 0.8891339 -0.384146 -0.2487423 2.412437 5.583761 0
9.950132 0.9114901 -0.3275866 -0.2487423 2.057244 5.724158 0
9.960133 0.9302527 -0.2697356 -0.2487423 1.693939 5.841987 0
9.970133 0.9453474 -0.2108211 -0.2487423 1.323956 5.936782 0
9.980133 0.9567155 -0.1510717 -0.2487423 0.9487306 6.008173 0
9.990133 0.9643108 -0.09073038 -0.2487423 0.5697868 6.055871 0
